1958 31
1955 31
1950 31
1948 31
1540 31
1941 31
1533 31
1940 31
1939 31
1938 31
1937 31
1935 31
1300 31
1945 31
1408 31
1944 31
1956 31
1953 31
1933 31
1934 31
1943 31
1251 31
1537 31
1530 31
4 31
1951 31
1301 31
1266 31
2838 31
2839 31
1949 31
1947 31
1942 31
1548 31
1954 31
1957 31
1936 31
26 31
2641 31
1952 31
2836 31
1613 29
1272 29
31 28
1776 28
1772 28
225 28
1752 28
1751 28
39 28
1771 28
1761 28
1756 28
1275 28
1747 28
1754 28
1750 28
1755 28
1718 28
1777 28
1764 28
1749 28
1766 28
1765 28
1166 28
1760 28
1715 28
1778 28
1312 28
1394 28
35 28
448 28
1762 28
30 28
1757 28
1779 28
1850 28
1748 28
1763 28
1413 28
1399 28
1393 28
1405 28
1406 28
1397 28
1389 28
1392 28
1414 28
1410 28
1391 28
1388 28
1523 28
1404 28
1409 28
1390 28
1411 28
1401 28
1400 28
1396 28
1169 28
1403 28
1311 28
1412 28
1398 28
1849 28
1770 28
1769 28
1753 28
1474 28
1402 28
1385 28
1775 28
1387 28
2165 28
1468 28
1512 27
1395 27
1507 27
2837 27
1768 27
2164 27
1774 26
1758 26
1509 26
1547 25
1767 25
338 22
1553 22
1544 22
1539 22
1531 22
1529 22
1538 22
2027 22
1526 22
1550 22
1542 22
1527 22
1541 22
1543 22
1551 22
1528 22
1546 22
1545 22
1534 22
1535 21
967 21
1310 21
1999 21
1990 21
1995 21
1536 21
2002 21
2001 21
2000 21
1998 21
1997 21
1996 21
1994 21
1993 21
1992 21
1991 21
1989 21
1988 21
1987 21
1986 21
1985 21
1984 21
1983 21
1982 21
1981 21
1213 20
1549 17
123 16
119 16
107 16
109 16
106 16
121 16
124 16
111 16
118 16
110 16
104 16
116 16
117 16
103 16
113 16
122 16
114 16
112 16
115 16
2750 15
1145 15
2747 15
1630 15
1627 15
2748 15
2751 15
2752 15
2749 15
1144 15
1633 15
2737 15
2746 15
2738 15
1631 15
1313 15
217 15
214 15
212 15
208 15
205 15
204 15
207 15
215 15
203 15
211 15
1554 15
216 15
210 15
213 15
209 15
2742 15
2740 15
206 15
202 15
229 14
28 14
25 14
34 14
38 14
32 14
27 14
1838 14
37 14
29 14
1841 14
1844 14
24 14
23 14
222 14
2182 14
1269 14
1845 14
1843 14
1773 14
4121 13
3690 13
2463 13
4117 13
4115 13
3480 13
4109 13
4108 13
4122 13
4112 13
4110 13
4114 13
4116 13
4111 13
36 13
2183 13
1470 13
4119 13
3944 13
120 13
108 13
105 13
4118 13
33 13
769 12
768 12
759 12
757 12
755 12
750 12
777 12
767 12
764 12
751 12
697 12
774 12
754 12
766 12
758 12
760 12
776 12
477 12
3221 12
3214 12
3228 12
3212 12
3220 12
3217 12
629 12
3213 12
3211 12
3210 12
3222 12
3215 12
3223 12
3230 12
3231 12
3216 12
1511 12
409 12
3219 12
3218 12
3229 12
2667 12
4240 12
3923 12
4241 12
2668 12
4248 12
4245 12
4243 12
4242 12
4239 12
4247 12
4244 12
1160 11
1143 11
1282 11
1165 11
1163 11
1161 11
1152 11
1153 11
1146 11
1154 11
1156 11
1264 11
1283 11
1159 11
1157 11
623 11
1155 11
1268 11
665 11
1847 11
101 11
250 11
1285 11
1585 11
1584 11
1590 11
1589 11
1588 11
1587 11
1493 11
3070 11
1582 11
1577 11
3341 11
2717 11
2712 11
1358 11
2895 11
2586 11
2572 11
2356 11
2571 11
1556 11
2567 11
2568 11
1164 11
1270 11
1265 11
2563 11
2580 11
2743 11
2739 11
2745 11
227 11
223 11
228 11
2899 11
1034 11
1591 11
1580 11
1581 11
1583 11
1840 11
3344 11
1724 11
2893 11
2896 11
2565 11
1162 11
1117 11
2566 11
4286 11
2753 11
2744 11
2741 11
1848 11
1552 10
1348 10
1299 10
1562 10
2639 10
1621 10
1308 10
761 10
2637 10
1201 10
1564 10
2135 10
1347 10
2418 10
63 10
2140 10
59 10
57 10
468 10
1571 10
2433 10
2127 10
484 10
2132 10
4551 10
490 10
478 10
637 10
4208 10
635 10
639 10
4204 10
2428 10
485 10
2128 10
482 10
391 10
633 10
3976 10
782 10
744 10
1563 10
2274 10
2137 10
1492 10
1440 10
1230 10
4555 10
471 10
628 10
61 10
3262 10
1624 10
608 10
2271 10
2277 10
2276 10
2275 10
2273 10
2272 10
2269 10
2268 10
2266 10
3286 10
3032 10
486 10
1586 10
1579 10
3067 10
1303 10
226 10
2594 10
2429 10
126 10
6747 10
4680 10
2434 10
763 10
4698 10
2265 10
3174 10
1707 10
1561 10
1442 10
1439 10
2453 10
3820 10
1271 10
3034 10
2136 10
1913 10
1084 10
1307 10
224 10
2417 10
2593 10
2592 10
1568 10
621 10
632 10
1886 10
2141 10
1472 10
1467 10
1466 10
1473 10
1465 10
3826 10
4952 10
4951 10
359 10
8917 10
2267 10
2270 10
1218 10
3631 10
1309 10
3342 10
5092 10
1686 10
2139 10
1277 10
296 10
4039 10
2579 10
5094 10
1646 10
3581 10
3968 10
1158 10
1441 10
3579 10
221 10
1842 9
1338 9
3021 9
2597 9
783 9
1304 9
2557 9
318 9
1802 9
1294 9
1293 9
2529 9
1178 9
1454 9
1340 9
320 9
2591 9
1789 9
1274 9
1295 9
2532 9
2551 9
1177 9
2595 9
1064 9
1799 9
2716 9
6 9
2719 9
2720 9
638 9
2543 9
1315 9
1558 9
2583 9
2405 9
6236 9
6237 9
1785 9
625 9
2533 9
2542 9
2554 9
1557 9
1292 9
2713 9
1632 9
1628 9
1634 9
844 9
3977 9
598 9
2545 9
2539 9
2755 9
4283 9
1305 9
79 9
1567 9
1565 9
525 9
524 9
2234 9
2235 9
1801 9
1889 9
1885 9
1890 9
1881 9
2574 9
2031 9
5750 9
174 9
3290 9
4285 9
4290 9
3268 9
2484 9
2485 9
2486 9
2341 9
1626 9
6238 9
1469 9
475 9
3981 9
1572 9
4826 9
4949 9
762 9
2546 9
4828 9
4284 9
1306 9
772 9
8916 9
4697 9
4288 9
4113 9
1569 9
1566 9
466 9
4671 8
636 8
3979 8
779 8
2439 8
1349 8
2126 8
127 8
1232 8
1689 8
572 8
1235 8
2233 8
2124 8
2133 8
4669 8
399 8
2547 8
1314 8
1324 8
1321 8
1325 8
1320 8
1316 8
1891 8
1236 8
1229 8
2600 8
1319 8
2715 8
463 8
4452 8
3200 8
4451 8
4450 8
1798 8
1323 8
2032 8
3345 8
1876 8
1228 8
1687 8
1226 8
2653 8
2648 8
3026 8
2100 8
1879 8
1878 8
1875 8
1874 8
3356 8
2889 8
3354 8
3353 8
3352 8
3348 8
752 8
4550 8
489 8
1884 8
3522 8
3199 8
2538 8
470 8
6808 8
3964 8
3827 8
1322 8
3291 8
1883 8
1616 8
90 8
1690 8
770 8
2776 8
1327 8
663 8
4453 8
7759 8
4454 8
4289 8
2651 8
2649 8
3974 8
2598 8
3957 8
1433 8
2912 8
1703 8
3097 8
2028 8
3261 8
1629 8
2692 8
2608 8
2914 8
1234 8
1227 8
2942 8
2941 8
2646 8
2933 8
2936 8
2344 8
622 8
3358 8
2129 8
1873 8
6239 8
3350 8
2940 8
2939 8
2938 8
2935 8
2934 8
2918 8
2917 8
2916 8
2915 8
2913 8
2911 8
2898 8
2754 8
1471 8
1424 8
1233 8
4388 7
4387 7
4389 7
4390 7
4384 7
4391 7
891 7
4383 7
780 7
721 7
4485 7
4484 7
4477 7
4481 7
4476 7
890 7
4385 7
3134 7
3135 7
3140 7
3139 7
3137 7
3133 7
2125 7
2544 7
1029 7
2549 7
4685 7
476 7
778 7
2097 7
4483 7
4479 7
4478 7
4480 7
627 7
812 7
3074 7
3080 7
3076 7
3079 7
2626 7
2624 7
2623 7
2288 7
2629 7
2625 7
2287 7
4432 7
4442 7
4431 7
4393 7
4392 7
4668 7
235 7
3003 7
3141 7
3509 7
3132 7
1287 7
1118 7
6038 7
8854 7
6037 7
369 7
8853 7
8850 7
347 7
1288 7
3488 7
3073 7
725 7
2548 7
2550 7
1908 7
1907 7
1906 7
1904 7
1027 7
703 7
2541 7
452 7
2445 7
2582 7
6619 7
2358 7
2361 7
2531 7
781 7
612 7
5896 7
4482 7
1120 7
1151 7
4674 7
511 7
811 7
4004 7
2630 7
2289 7
2250 7
2249 7
1726 7
4437 7
2669 7
3343 7
6036 7
4386 7
2231 7
4994 7
3819 7
5530 7
1892 7
3492 7
3138 7
1837 7
1759 7
2794 7
5007 7
1431 7
2799 7
2442 7
8852 7
8851 7
8252 7
7447 7
5012 7
5011 7
5010 7
5009 7
5008 7
5006 7
4557 7
4040 7
3961 7
3527 7
3508 7
3489 7
3136 7
3083 7
3077 7
2798 7
2792 7
2540 7
1909 7
1905 7
1903 7
1573 7
1717 6
3950 6
1040 6
2178 6
255 6
1638 6
960 6
773 6
315 6
4233 6
5438 6
454 6
1028 6
1035 6
3930 6
3937 6
253 6
1700 6
2180 6
1716 6
1076 6
4280 6
4281 6
1640 6
4278 6
1451 6
1446 6
2642 6
5219 6
2413 6
1620 6
2384 6
4041 6
2444 6
2772 6
456 6
453 6
514 6
3935 6
3933 6
4690 6
4773 6
578 6
4174 6
2536 6
3608 6
4418 6
4419 6
2634 6
1719 6
4279 6
1449 6
1447 6
1457 6
4794 6
4797 6
5031 6
775 6
58 6
1826 6
2044 6
552 6
2038 6
2427 6
3571 6
2364 6
1080 6
609 6
607 6
155 6
4424 6
1575 6
756 6
1039 6
1276 6
3816 6
3478 6
3477 6
4875 6
4423 6
4315 6
4314 6
4313 6
4312 6
4309 6
4217 6
4044 6
4037 6
3655 6
2763 6
2134 6
2304 6
2303 6
2045 6
2043 6
2042 6
1668 6
1678 6
1671 6
1665 6
1326 6
1291 6
1286 6
1216 6
1214 6
2476 6
480 6
278 6
4179 6
4774 6
469 6
1819 6
564 6
2560 6
2324 6
3943 6
2774 6
1139 6
1138 6
1817 6
1711 6
3016 6
7404 6
7402 6
7401 6
7400 6
7399 6
1289 6
6449 6
401 6
4043 6
4740 6
3630 6
7589 6
1453 6
4795 6
1510 6
2523 6
3028 6
753 6
630 6
1484 6
1483 6
1482 6
702 6
3201 6
1669 6
1667 6
199 6
2041 6
1210 6
1506 6
3454 6
1706 6
4874 6
93 6
2355 6
4287 6
3443 6
4950 6
1081 6
1079 6
1077 6
7403 6
8007 6
1662 6
92 6
771 6
2952 6
4421 6
2441 6
5074 6
3479 6
1574 6
6191 6
5218 6
2499 6
2534 6
3525 6
4042 6
736 6
1279 6
4175 6
5347 6
982 6
2214 6
3476 6
2704 6
3039 6
8452 6
8276 6
7406 6
6259 6
5561 6
4717 6
4420 6
4316 6
4246 6
4216 6
4215 6
4214 6
4213 6
4212 6
4211 6
4045 6
3926 6
3925 6
3780 6
3069 6
3030 6
2628 6
2430 6
2302 6
2039 6
1887 6
1820 6
1818 6
1816 6
1676 6
1673 6
1578 6
1485 6
1481 6
1480 6
1479 6
1317 6
1281 6
1217 6
1215 6
1212 6
624 6
97 6
96 6
95 6
94 6
91 6
5487 5
165 5
171 5
1189 5
322 5
2153 5
1863 5
8115 5
166 5
1920 5
1191 5
1187 5
310 5
2843 5
498 5
523 5
4340 5
2154 5
2152 5
797 5
570 5
5671 5
2841 5
172 5
796 5
1193 5
428 5
3433 5
5191 5
5192 5
2448 5
3430 5
5190 5
5569 5
1096 5
316 5
259 5
2407 5
1018 5
1059 5
527 5
426 5
418 5
9390 5
2157 5
2155 5
795 5
5482 5
249 5
5026 5
580 5
577 5
1058 5
2205 5
3002 5
1856 5
41 5
164 5
311 5
567 5
43 5
3297 5
1186 5
1915 5
2089 5
902 5
321 5
488 5
479 5
397 5
3434 5
3429 5
1525 5
2897 5
2765 5
2766 5
5567 5
2130 5
4538 5
4139 5
4137 5
242 5
3875 5
2888 5
2890 5
3900 5
3326 5
3963 5
3050 5
2424 5
3015 5
5488 5
1016 5
1015 5
4977 5
3315 5
2775 5
6818 5
6821 5
5558 5
4873 5
1420 5
410 5
521 5
1712 5
2504 5
897 5
9389 5
3263 5
7444 5
312 5
5484 5
251 5
257 5
574 5
579 5
2501 5
413 5
417 5
2206 5
2204 5
2203 5
2123 5
168 5
1813 5
433 5
1612 5
1611 5
1610 5
5025 5
3733 5
6326 5
8438 5
7350 5
3931 5
3466 5
1425 5
1415 5
5568 5
6426 5
6425 5
1051 5
170 5
916 5
3595 5
1736 5
1739 5
1297 5
3426 5
3382 5
3383 5
3381 5
319 5
3195 5
601 5
2515 5
2519 5
1017 5
563 5
559 5
561 5
377 5
42 5
50 5
46 5
49 5
47 5
966 5
965 5
2438 5
3735 5
3049 5
240 5
3501 5
3500 5
6450 5
467 5
390 5
3428 5
2578 5
2718 5
536 5
2894 5
3520 5
3264 5
3143 5
3744 5
2511 5
2760 5
1636 5
1688 5
1458 5
949 5
5566 5
535 5
1244 5
2905 5
3544 5
2887 5
4146 5
3948 5
6220 5
151 5
4609 5
3934 5
5732 5
1737 5
1910 5
3871 5
3441 5
4975 5
4970 5
7463 5
6541 5
2599 5
1140 5
6635 5
6634 5
6631 5
6633 5
5557 5
5173 5
7879 5
3876 5
3874 5
3978 5
2517 5
3936 5
2014 5
2012 5
2011 5
411 5
900 5
626 5
526 5
7119 5
2349 5
2892 5
3175 5
1800 5
898 5
3850 5
8243 5
4837 5
5945 5
1740 5
1734 5
2535 5
2252 5
2156 5
6894 5
2016 5
2015 5
2013 5
4819 5
4341 5
5168 5
4947 5
575 5
4338 5
1645 5
2961 5
419 5
8507 5
4574 5
600 5
3812 5
1714 5
839 5
837 5
56 5
6612 5
5822 5
3778 5
3779 5
723 5
2431 5
1608 5
5486 5
5588 5
1231 5
167 5
3377 5
2561 5
6677 5
6859 5
5440 5
2179 5
727 5
2721 5
5023 5
2524 5
604 5
9722 5
9561 5
9391 5
8717 5
8508 5
8506 5
8505 5
8439 5
7448 5
7405 5
6908 5
6676 5
6675 5
6658 5
6657 5
6656 5
6632 5
6630 5
6616 5
6614 5
6613 5
6545 5
6428 5
6427 5
6424 5
6035 5
5986 5
5826 5
5673 5
5587 5
5586 5
5585 5
5584 5
5435 5
5176 5
5174 5
5171 5
4827 5
4823 5
4664 5
4662 5
4658 5
4657 5
4576 5
4575 5
4573 5
4572 5
4571 5
4380 5
4047 5
4013 5
3932 5
3524 5
3427 5
3379 5
3378 5
3376 5
3202 5
3196 5
3194 5
3193 5
3048 5
3019 5
2526 5
2525 5
2522 5
2518 5
2514 5
2432 5
2177 5
2131 5
1851 5
1677 5
1452 5
1302 5
1014 5
1013 5
794 5
610 5
560 5
539 5
538 5
537 5
534 5
53 5
48 5
969 4
905 4
2223 4
2317 4
492 4
5234 4
5675 4
2570 4
832 4
510 4
4466 4
531 4
2090 4
2314 4
132 4
553 4
5932 4
3598 4
3061 4
2440 4
653 4
6715 4
507 4
517 4
4436 4
6609 4
6451 4
131 4
3882 4
133 4
909 4
903 4
392 4
3432 4
1794 4
2822 4
6670 4
314 4
1803 4
5936 4
5933 4
5975 4
3124 4
3125 4
3123 4
2055 4
412 4
3127 4
5853 4
3240 4
7781 4
6296 4
7780 4
918 4
3663 4
657 4
652 4
5977 4
5233 4
1460 4
355 4
1795 4
6713 4
5546 4
592 4
3809 4
9125 4
366 4
1606 4
6231 4
906 4
904 4
907 4
1664 4
2057 4
395 4
6125 4
6123 4
6117 4
1196 4
4846 4
963 4
505 4
3431 4
3662 4
4647 4
2389 4
2387 4
2386 4
2596 4
4428 4
6279 4
323 4
3147 4
5982 4
2482 4
2584 4
4050 4
7140 4
1708 4
1702 4
3115 4
2059 4
2058 4
357 4
353 4
8644 4
5259 4
3122 4
3121 4
3570 4
2769 4
2061 4
2339 4
1635 4
6317 4
6315 4
6316 4
6314 4
194 4
1335 4
7320 4
7605 4
7604 4
3808 4
3128 4
3237 4
4889 4
4890 4
886 4
8610 4
7697 4
6968 4
6967 4
6966 4
6965 4
8146 4
6417 4
2366 4
5635 4
5854 4
5774 4
5439 4
6297 4
5274 4
4397 4
4891 4
4517 4
4183 4
4184 4
3747 4
3660 4
2562 4
3094 4
3045 4
2020 4
2481 4
2142 4
2118 4
152 4
150 4
2080 4
1852 4
1207 4
888 4
660 4
400 4
2415 4
6054 4
3452 4
4676 4
1860 4
720 4
2200 4
3471 4
4147 4
5239 4
8617 4
842 4
5389 4
5378 4
955 4
1922 4
5099 4
5548 4
7536 4
3912 4
6055 4
1696 4
2088 4
3619 4
7489 4
7488 4
6281 4
3118 4
693 4
7010 4
2883 4
4475 4
7777 4
4009 4
4007 4
3616 4
2143 4
2147 4
1174 4
4663 4
945 4
5434 4
7323 4
7277 4
5496 4
245 4
2360 4
3495 4
6019 4
4154 4
3494 4
3018 4
7 4
711 4
2395 4
5058 4
5087 4
2255 4
1204 4
1203 4
3752 4
5090 4
3298 4
2210 4
398 4
2696 4
7163 4
3952 4
6119 4
6394 4
5057 4
4845 4
4430 4
2390 4
2145 4
2060 4
2022 4
2021 4
968 4
566 4
5 4
2243 4
5649 4
506 4
4821 4
3946 4
2062 4
145 4
3664 4
2362 4
2388 4
4604 4
2106 4
4433 4
4752 4
5573 4
6807 4
393 4
2030 4
2029 4
450 4
351 4
350 4
7642 4
4519 4
7107 4
8371 4
8235 4
8236 4
7139 4
3736 4
5745 4
5235 4
571 4
3347 4
1704 4
3750 4
3116 4
176 4
2393 4
2054 4
1175 4
1336 4
356 4
352 4
447 4
8643 4
1914 4
7641 4
3062 4
3960 4
2771 4
7386 4
4125 4
2359 4
1965 4
884 4
912 4
617 4
3872 4
8614 4
1637 4
3445 4
1836 4
4138 4
6318 4
7575 4
3146 4
8600 4
7534 4
7464 4
5432 4
7603 4
4518 4
436 4
5618 4
3810 4
5872 4
6162 4
4670 4
2423 4
3259 4
3499 4
3011 4
1116 4
700 4
504 4
10064 4
10063 4
9526 4
9525 4
9382 4
9381 4
9067 4
8616 4
8615 4
8613 4
8609 4
8608 4
7991 4
7905 4
7699 4
7698 4
7696 4
7515 4
7487 4
7486 4
7276 4
7261 4
6964 4
6954 4
6823 4
6810 4
6795 4
6419 4
6418 4
6416 4
6217 4
6115 4
6114 4
6113 4
6109 4
6021 4
6020 4
6018 4
5895 4
5773 4
5772 4
5771 4
5744 4
5560 4
5555 4
5531 4
5441 4
5436 4
5404 4
5276 4
5275 4
5273 4
5231 4
5175 4
5091 4
5088 4
5086 4
5029 4
5017 4
4973 4
4888 4
4877 4
4661 4
4527 4
4516 4
4515 4
4186 4
4185 4
4130 4
3975 4
3751 4
3749 4
3746 4
3745 4
3743 4
3661 4
3444 4
3370 4
3346 4
3120 4
3117 4
3096 4
3095 4
3093 4
3082 4
3044 4
3043 4
3042 4
3041 4
3037 4
3036 4
3035 4
3020 4
2666 4
2556 4
2516 4
2480 4
2401 4
2400 4
2399 4
2151 4
2117 4
2081 4
2079 4
1839 4
1679 4
1422 4
1419 4
1206 4
1188 4
1176 4
1137 4
1136 4
1078 4
958 4
957 4
956 4
954 4
901 4
885 4
818 4
654 4
634 4
522 4
394 4
129 4
128 4
125 4
3 4
2907 3
3081 3
1834 3
2906 3
7180 3
7179 3
3167 3
2425 3
4723 3
4729 3
4720 3
530 3
459 3
7629 3
7628 3
7688 3
4459 3
724 3
8124 3
7571 3
5344 3
7859 3
3804 3
3801 3
4727 3
528 3
656 3
2087 3
3109 3
3798 3
1211 3
4966 3
4965 3
4461 3
1961 3
1962 3
4939 3
1710 3
3517 3
3168 3
3523 3
81 3
78 3
2878 3
3803 3
3802 3
4730 3
3329 3
3323 3
2496 3
529 3
659 3
5622 3
5621 3
3209 3
6258 3
3108 3
5976 3
3777 3
3173 3
1428 3
2293 3
4460 3
6406 3
17 3
1963 3
1959 3
83 3
908 3
1045 3
2084 3
2638 3
5089 3
3516 3
7863 3
6529 3
82 3
7643 3
5685 3
3091 3
8398 3
2437 3
8639 3
880 3
6595 3
6277 3
784 3
3325 3
6011 3
5698 3
5911 3
5955 3
650 3
1455 3
3848 3
3772 3
372 3
5485 3
2490 3
2497 3
2493 3
1644 3
8206 3
681 3
236 3
230 3
581 3
2218 3
2120 3
8260 3
7093 3
1600 3
1250 3
1928 3
4075 3
5549 3
292 3
4757 3
3158 3
1005 3
6769 3
8408 3
5403 3
6485 3
813 3
6471 3
4180 3
4086 3
3176 3
130 3
4085 3
2406 3
4919 3
4726 3
2091 3
3607 3
6567 3
2122 3
7200 3
4457 3
1240 3
3603 3
5454 3
6408 3
18 3
16 3
14 3
1423 3
1220 3
2335 3
5695 3
4564 3
3706 3
2367 3
6576 3
6763 3
1025 3
1011 3
1009 3
1008 3
3897 3
4220 3
2981 3
5834 3
3391 3
3152 3
1960 3
4656 3
2478 3
1360 3
7188 3
6212 3
3784 3
84 3
1046 3
3389 3
2323 3
655 3
678 3
7576 3
337 3
339 3
7513 3
7517 3
5028 3
6843 3
3033 3
3519 3
7544 3
4630 3
2951 3
2192 3
6646 3
7865 3
9573 3
2734 3
4598 3
5036 3
4872 3
8941 3
8940 3
6181 3
9398 3
8803 3
8780 3
8776 3
5683 3
8514 3
8513 3
7132 3
8396 3
8394 3
8372 3
3393 3
4593 3
7959 3
7956 3
1171 3
5416 3
4566 3
4306 3
5696 3
998 3
3437 3
7507 3
7365 3
4607 3
12 3
4616 3
7339 3
7092 3
7047 3
6196 3
7046 3
7007 3
6895 3
718 3
717 3
6645 3
6624 3
6625 3
6620 3
9609 3
6593 3
6521 3
3691 3
6508 3
6497 3
994 3
6133 3
6132 3
6131 3
6088 3
6059 3
6058 3
6010 3
6009 3
261 3
5910 3
75 3
5836 3
5835 3
1356 3
3284 3
5539 3
5495 3
4745 3
5429 3
5375 3
5368 3
5367 3
5366 3
5298 3
2683 3
5151 3
4971 3
4407 3
4702 3
4912 3
4910 3
1462 3
1722 3
4547 3
4546 3
4545 3
4532 3
4533 3
4530 3
4474 3
3364 3
2376 3
4301 3
4300 3
2004 3
2340 3
4081 3
4005 3
3853 3
3854 3
5199 3
3339 3
3627 3
3626 3
1607 3
3255 3
3464 3
3465 3
3463 3
3435 3
2573 3
3151 3
3150 3
2990 3
3774 3
7225 3
2820 3
2818 3
2611 3
2513 3
2509 3
2150 3
2491 3
2494 3
2320 3
1242 3
2005 3
2109 3
1520 3
1514 3
1477 3
1476 3
1355 3
1209 3
1179 3
1804 3
1125 3
1112 3
1102 3
1100 3
1087 3
1082 3
1083 3
941 3
677 3
584 3
582 3
562 3
3700 3
444 3
335 3
231 3
233 3
9835 3
4498 3
586 3
583 3
1930 3
1929 3
2220 3
1619 3
2698 3
4880 3
2996 3
3719 3
1602 3
1247 3
1666 3
3824 3
936 3
8451 3
5730 3
7102 3
1253 3
1927 3
3617 3
3183 3
4025 3
3696 3
1122 3
5110 3
1092 3
4209 3
2172 3
2857 3
3796 3
5499 3
3404 3
8464 3
8258 3
4756 3
6978 3
2168 3
4510 3
6770 3
5139 3
4561 3
4127 3
5167 3
8409 3
5550 3
7123 3
6479 3
4562 3
4649 3
819 3
817 3
3022 3
7121 3
7122 3
2604 3
5323 3
4434 3
6649 3
429 3
4182 3
8673 3
3025 3
4292 3
4417 3
3782 3
3990 3
2603 3
5193 3
3862 3
2932 3
547 3
876 3
2469 3
139 3
137 3
6065 3
1643 3
2946 3
4087 3
5433 3
2026 3
2025 3
4677 3
6211 3
6381 3
7758 3
7729 3
7657 3
220 3
546 3
6199 3
1370 3
1367 3
7437 3
7083 3
3783 3
1363 3
7692 3
4728 3
5314 3
6235 3
6234 3
5290 3
2510 3
2676 3
1352 3
3283 3
246 3
5974 3
2612 3
9093 3
9092 3
3407 3
3406 3
5147 3
5156 3
7851 3
7978 3
3959 3
7981 3
4458 3
1239 3
3962 3
7191 3
6642 3
3859 3
6151 3
6407 3
716 3
15 3
6017 3
7691 3
4959 3
4940 3
749 3
4565 3
5194 3
3172 3
3482 3
3485 3
2368 3
7177 3
5624 3
6549 3
6602 3
6573 3
6514 3
6761 3
5027 3
4178 3
1478 3
6264 3
6218 3
2643 3
576 3
5636 3
1012 3
3514 3
5033 3
4893 3
4733 3
4027 3
4511 3
899 3
4367 3
4148 3
3893 3
3789 3
8020 3
3512 3
3511 3
1384 3
3267 3
3207 3
3105 3
2479 3
2295 3
1615 3
138 3
1595 3
1246 3
1237 3
2809 3
1124 3
1104 3
870 3
549 3
381 3
380 3
13 3
248 3
3493 3
8018 3
4330 3
867 3
2903 3
6574 3
996 3
3153 3
4228 3
6159 3
446 3
4654 3
7190 3
4611 3
6608 3
2212 3
1091 3
533 3
5021 3
3728 3
3781 3
80 3
4036 3
4526 3
142 3
1047 3
2171 3
5817 3
5681 3
3884 3
9852 3
8779 3
5809 3
5886 3
3972 3
2326 3
4804 3
2327 3
3375 3
9516 3
5897 3
7992 3
2791 3
7338 3
6498 3
6073 3
7853 3
5417 3
5459 3
6409 3
5946 3
8504 3
7224 3
4732 3
1738 3
2095 3
5030 3
2470 3
7436 3
6993 3
2788 3
4772 3
4145 3
7017 3
4867 3
1921 3
6283 3
5995 3
1090 3
5418 3
3821 3
5457 3
5319 3
2416 3
4868 3
4799 3
4714 3
4189 3
4058 3
141 3
2953 3
3001 3
2879 3
2607 3
2426 3
2251 3
2190 3
1023 3
1318 3
1346 3
1202 3
431 3
10397 3
10312 3
10311 3
10310 3
10211 3
10139 3
10125 3
10124 3
10108 3
10082 3
9913 3
9691 3
9575 3
9574 3
9527 3
9438 3
9384 3
9371 3
9370 3
9266 3
9253 3
9168 3
9091 3
9055 3
9016 3
8942 3
8939 3
8918 3
8871 3
8832 3
8804 3
8799 3
8777 3
8728 3
8652 3
8602 3
8571 3
8515 3
8512 3
8472 3
8441 3
8397 3
8378 3
8376 3
8374 3
8349 3
8337 3
8321 3
8320 3
8295 3
8293 3
8043 3
8019 3
7971 3
7969 3
7958 3
7957 3
7919 3
7904 3
7889 3
7874 3
7797 3
7771 3
7763 3
7689 3
7617 3
7584 3
7569 3
7543 3
7510 3
7508 3
7443 3
7419 3
7418 3
7417 3
7366 3
7357 3
7353 3
7352 3
7341 3
7340 3
7325 3
7324 3
7313 3
7138 3
7091 3
7085 3
7045 3
7008 3
6992 3
6990 3
6893 3
6888 3
6809 3
6739 3
6730 3
6729 3
6714 3
6688 3
6687 3
6644 3
6641 3
6623 3
6622 3
6621 3
6594 3
6559 3
6547 3
6535 3
6533 3
6519 3
6518 3
6515 3
6507 3
6506 3
6505 3
6504 3
6499 3
6496 3
6395 3
6319 3
6260 3
6190 3
6152 3
6150 3
6145 3
6130 3
6124 3
6087 3
6062 3
6061 3
6060 3
6008 3
5990 3
5989 3
5988 3
5935 3
5934 3
5906 3
5905 3
5833 3
5819 3
5818 3
5816 3
5791 3
5747 3
5746 3
5737 3
5701 3
5666 3
5562 3
5540 3
5538 3
5536 3
5525 3
5524 3
5523 3
5494 3
5460 3
5458 3
5455 3
5442 3
5428 3
5427 3
5426 3
5425 3
5424 3
5423 3
5392 3
5365 3
5353 3
5352 3
5351 3
5334 3
5301 3
5300 3
5299 3
5286 3
5285 3
5284 3
5270 3
5269 3
5268 3
5172 3
5169 3
5161 3
5154 3
5152 3
5077 3
5056 3
4972 3
4969 3
4963 3
4960 3
4958 3
4946 3
4924 3
4913 3
4911 3
4895 3
4892 3
4883 3
4881 3
4849 3
4848 3
4847 3
4844 3
4808 3
4793 3
4784 3
4753 3
4731 3
4719 3
4660 3
4629 3
4569 3
4544 3
4535 3
4534 3
4473 3
4446 3
4445 3
4359 3
4342 3
4299 3
4270 3
4205 3
4177 3
4082 3
4006 3
3947 3
3870 3
3865 3
3864 3
3863 3
3860 3
3817 3
3807 3
3629 3
3625 3
3624 3
3621 3
3604 3
3602 3
3574 3
3573 3
3561 3
3560 3
3559 3
3487 3
3486 3
3484 3
3467 3
3439 3
3436 3
3408 3
3361 3
3310 3
3302 3
3299 3
3282 3
3265 3
3252 3
3171 3
3170 3
3156 3
3154 3
3072 3
2993 3
2991 3
2988 3
2929 3
2928 3
2927 3
2904 3
2827 3
2825 3
2821 3
2819 3
2773 3
2695 3
2610 3
2512 3
2502 3
2500 3
2495 3
2492 3
2363 3
2338 3
2337 3
2336 3
2325 3
2322 3
2321 3
2319 3
2286 3
2254 3
2208 3
2207 3
2193 3
2188 3
2146 3
2116 3
2115 3
2114 3
2110 3
2064 3
2019 3
2003 3
1916 3
1828 3
1827 3
1825 3
1805 3
1793 3
1791 3
1743 3
1735 3
1657 3
1656 3
1618 3
1524 3
1516 3
1500 3
1499 3
1475 3
1464 3
1459 3
1374 3
1368 3
1359 3
1357 3
1284 3
1208 3
1180 3
1148 3
1127 3
1126 3
1113 3
1111 3
1110 3
1101 3
1099 3
1089 3
1088 3
1085 3
1052 3
1044 3
999 3
964 3
944 3
943 3
942 3
715 3
682 3
585 3
565 3
554 3
551 3
550 3
445 3
443 3
336 3
252 3
234 3
169 3
144 3
2980 2
8844 2
2162 2
4496 2
8843 2
3274 2
5321 2
6205 2
2264 2
2971 2
7845 2
3585 2
2216 2
6075 2
3692 2
2372 2
2370 2
7266 2
7523 2
1267 2
5828 2
4502 2
935 2
5117 2
3278 2
669 2
2072 2
1625 2
556 2
6096 2
6495 2
3421 2
8242 2
2852 2
4882 2
4921 2
2261 2
1806 2
2994 2
2965 2
1742 2
9484 2
7954 2
6793 2
6792 2
3720 2
864 2
862 2
4327 2
3584 2
4023 2
5129 2
4133 2
3550 2
6463 2
7825 2
705 2
962 2
4539 2
2373 2
2374 2
1596 2
8347 2
512 2
3401 2
6752 2
6554 2
7522 2
4855 2
7521 2
3007 2
3192 2
6725 2
8015 2
1248 2
1498 2
7175 2
1670 2
3823 2
7591 2
6556 2
6356 2
5101 2
5098 2
9374 2
934 2
6555 2
5777 2
5779 2
3985 2
1594 2
10129 2
8953 2
4094 2
5766 2
5377 2
9725 2
588 2
8622 2
666 2
664 2
3279 2
3473 2
239 2
2724 2
8180 2
2974 2
4993 2
7997 2
2392 2
1931 2
3623 2
3766 2
3179 2
2070 2
793 2
385 2
3318 2
6472 2
6982 2
5682 2
5617 2
6098 2
6361 2
7794 2
6304 2
6208 2
2647 2
1463 2
4199 2
5857 2
2473 2
4718 2
4008 2
2853 2
5475 2
6571 2
4026 2
4722 2
5133 2
4501 2
4499 2
4694 2
3614 2
5648 2
4410 2
4200 2
4194 2
646 2
7460 2
4101 2
9427 2
3528 2
787 2
2944 2
3056 2
2997 2
2973 2
159 2
2311 2
6261 2
2241 2
2160 2
2047 2
1855 2
1654 2
1489 2
7625 2
1131 2
835 2
7024 2
805 2
804 2
439 2
180 2
69 2
4613 2
3474 2
6999 2
9196 2
3716 2
9284 2
4689 2
861 2
4820 2
1444 2
2978 2
1344 2
5406 2
5405 2
3503 2
4091 2
4210 2
7884 2
5628 2
1337 2
4021 2
2856 2
5131 2
4031 2
10499 2
10045 2
8368 2
9793 2
3951 2
5529 2
3548 2
6912 2
2148 2
4065 2
3409 2
6462 2
4870 2
3504 2
8143 2
4840 2
3088 2
3087 2
3844 2
2221 2
1010 2
6917 2
6915 2
8593 2
4046 2
9296 2
6175 2
3205 2
5803 2
706 2
2201 2
927 2
2729 2
2727 2
920 2
5868 2
4541 2
3539 2
3637 2
3247 2
4542 2
7614 2
2378 2
1599 2
7477 2
3086 2
7441 2
3198 2
516 2
7214 2
7064 2
785 2
3293 2
8798 2
6437 2
6436 2
6269 2
829 2
2170 2
5317 2
5283 2
4856 2
4156 2
4902 2
4900 2
4000 2
5728 2
9231 2
9267 2
3335 2
7232 2
5922 2
3008 2
2814 2
2051 2
1866 2
1865 2
6919 2
442 2
922 2
3254 2
388 2
4356 2
9714 2
1249 2
9074 2
6458 2
7506 2
10429 2
2063 2
1497 2
10378 2
8829 2
9498 2
9987 2
695 2
673 2
848 2
9111 2
10172 2
8595 2
1278 2
1222 2
3632 2
5965 2
4257 2
9865 2
8120 2
3597 2
8921 2
3825 2
4497 2
361 2
9861 2
2757 2
3731 2
741 2
2645 2
8500 2
5069 2
8901 2
6355 2
9627 2
9506 2
738 2
3277 2
3275 2
6192 2
5100 2
8317 2
9373 2
9335 2
149 2
5926 2
9230 2
9258 2
9246 2
743 2
8837 2
2786 2
8111 2
6232 2
9109 2
6562 2
9045 2
9034 2
8848 2
9015 2
9009 2
9005 2
7532 2
7535 2
8951 2
8937 2
8682 2
8891 2
8881 2
8860 2
8828 2
3233 2
434 2
8771 2
8770 2
8725 2
8710 2
3811 2
6057 2
8693 2
8679 2
5509 2
8670 2
4987 2
4988 2
8620 2
8591 2
197 2
8465 2
2671 2
688 2
8498 2
8485 2
667 2
3304 2
7918 2
8406 2
6660 2
8403 2
8312 2
8315 2
8301 2
8024 2
4578 2
8231 2
8226 2
3612 2
8195 2
8181 2
8165 2
2967 2
2968 2
2111 2
8113 2
8048 2
6771 2
5153 2
7999 2
8013 2
1917 2
4792 2
1902 2
4141 2
2956 2
7910 2
4885 2
4563 2
7898 2
2665 2
7838 2
3618 2
7810 2
5342 2
7774 2
3563 2
7749 2
1488 2
6138 2
3184 2
4230 2
2071 2
7702 2
7664 2
6251 2
5409 2
4955 2
7586 2
8846 2
7551 2
7529 2
7499 2
7380 2
7378 2
6111 2
2173 2
7322 2
5128 2
7303 2
7289 2
7285 2
3518 2
6696 2
2489 2
1623 2
7152 2
3319 2
5189 2
5106 2
6229 2
7029 2
7026 2
7023 2
4332 2
10103 2
5597 2
6979 2
328 2
6972 2
5684 2
6904 2
5663 2
595 2
6699 2
441 2
6698 2
6662 2
6653 2
5620 2
6588 2
6640 2
6551 2
6525 2
7330 2
1978 2
6476 2
6468 2
6354 2
9277 2
6422 2
6414 2
6410 2
3177 2
6401 2
6397 2
6383 2
6377 2
6375 2
5971 2
6328 2
6085 2
6324 2
6303 2
5893 2
5892 2
6224 2
6223 2
6204 2
5490 2
6202 2
6135 2
989 2
403 2
6024 2
6001 2
951 2
5939 2
3251 2
5916 2
7792 2
5871 2
5856 2
5839 2
5838 2
3419 2
308 2
5812 2
5801 2
5767 2
3398 2
932 2
5720 2
5717 2
5716 2
1280 2
5661 2
5645 2
5643 2
3572 2
5613 2
5611 2
324 2
5595 2
5580 2
5578 2
4349 2
179 2
5480 2
7209 2
810 2
5472 2
5467 2
4749 2
5362 2
2831 2
5306 2
5280 2
5264 2
5252 2
3682 2
5213 2
5200 2
5177 2
5164 2
3992 2
1115 2
5138 2
5122 2
5108 2
2069 2
5095 2
5083 2
5060 2
544 2
3676 2
5015 2
4991 2
4981 2
1183 2
1185 2
2421 2
2419 2
4829 2
4537 2
4531 2
4762 2
4746 2
4700 2
4691 2
4638 2
2505 2
4585 2
4584 2
4468 2
5650 2
4409 2
1436 2
1732 2
4395 2
4344 2
4264 2
4222 2
4553 2
4203 2
4196 2
4168 2
4167 2
649 2
648 2
4134 2
4098 2
4097 2
4090 2
8032 2
4066 2
4064 2
3989 2
3941 2
3867 2
2817 2
3834 2
3753 2
3759 2
3734 2
3710 2
3296 2
3681 2
3678 2
3674 2
3665 2
3654 2
3653 2
1720 2
3576 2
3245 2
3531 2
3507 2
3448 2
3423 2
5841 2
3394 2
3387 2
3024 2
3331 2
3320 2
3301 2
2468 2
1290 2
3053 2
2552 2
2989 2
2969 2
2931 2
2872 2
2778 2
2855 2
2802 2
2770 2
2701 2
2688 2
2670 2
2613 2
2589 2
1532 2
2332 2
2310 2
2297 2
9874 2
2257 2
2239 2
6502 2
2194 2
2175 2
2167 2
2158 2
7328 2
2048 2
2035 2
1925 2
1853 2
1823 2
1808 2
1781 2
1744 2
1682 2
1653 2
1649 2
1604 2
1513 2
734 2
1435 2
1366 2
1224 2
1181 2
1130 2
1053 2
878 2
875 2
853 2
852 2
834 2
748 2
730 2
714 2
5162 2
704 2
802 2
545 2
1576 2
491 2
161 2
408 2
332 2
73 2
281 2
268 2
196 2
177 2
143 2
134 2
88 2
70 2
10 2
317 2
4618 2
1870 2
3742 2
1641 2
1975 2
5386 2
219 2
4577 2
2232 2
3671 2
3703 2
7284 2
9503 2
9403 2
6997 2
6548 2
7137 2
5957 2
3718 2
4361 2
8022 2
9309 2
6707 2
2764 2
863 2
7461 2
4980 2
2007 2
3190 2
9048 2
5799 2
5325 2
7056 2
2736 2
6286 2
2925 2
8988 2
2296 2
5710 2
3983 2
3505 2
2882 2
7382 2
2576 2
6776 2
8978 2
6918 2
2521 2
4843 2
4345 2
831 2
5627 2
2730 2
7593 2
2023 2
7903 2
1694 2
1339 2
2711 2
6027 2
7327 2
4688 2
7667 2
184 2
5082 2
7414 2
6914 2
3903 2
461 2
6801 2
6582 2
9308 2
3276 2
5619 2
4022 2
5402 2
2870 2
6004 2
3837 2
2700 2
2858 2
3103 2
4488 2
4426 2
882 2
7866 2
65 2
9085 2
1066 2
7578 2
8967 2
6543 2
5789 2
6853 2
1342 2
7660 2
2307 2
9765 2
8335 2
2283 2
2761 2
271 2
7731 2
8555 2
2507 2
548 2
10317 2
5528 2
10178 2
5451 2
7661 2
6198 2
7483 2
8492 2
3549 2
6544 2
10230 2
5241 2
5318 2
6855 2
7471 2
6778 2
3099 2
4011 2
824 2
9412 2
1382 2
2144 2
6601 2
7456 2
3724 2
4899 2
786 2
7301 2
8342 2
8050 2
7458 2
1900 2
1369 2
9019 2
4871 2
7158 2
9724 2
9500 2
4166 2
9020 2
5160 2
4404 2
6147 2
9605 2
2864 2
4646 2
3845 2
3491 2
9428 2
8480 2
3447 2
9298 2
290 2
6560 2
1043 2
5980 2
6750 2
6916 2
9198 2
6400 2
4358 2
7153 2
9162 2
9150 2
9146 2
1495 2
4435 2
7084 2
2937 2
1980 2
6466 2
7818 2
9012 2
5756 2
8944 2
8489 2
3014 2
6368 2
6989 2
8638 2
8712 2
8696 2
8684 2
3281 2
8660 2
3534 2
437 2
4067 2
8552 2
2285 2
135 2
8488 2
7312 2
8457 2
8361 2
8338 2
8327 2
4142 2
8209 2
4623 2
6490 2
2731 2
5064 2
8135 2
424 2
2652 2
5786 2
5898 2
8075 2
8065 2
4640 2
8042 2
4223 2
1911 2
3643 2
4907 2
7857 2
2422 2
2065 2
7787 2
4543 2
7616 2
5709 2
7673 2
7648 2
6971 2
7612 2
2379 2
4034 2
4150 2
3089 2
6183 2
5292 2
7438 2
7427 2
7407 2
7389 2
7268 2
7259 2
3451 2
2382 2
7217 2
4707 2
4295 2
4505 2
7068 2
7036 2
7021 2
6959 2
5385 2
5795 2
502 2
6831 2
788 2
5712 2
6766 2
6678 2
6666 2
6611 2
387 2
6412 2
6527 2
4193 2
6465 2
6434 2
6273 2
5770 2
6310 2
6250 2
2195 2
4743 2
6089 2
2196 2
631 2
830 2
5953 2
4318 2
914 2
5724 2
5692 2
5655 2
5651 2
474 2
5501 2
1417 2
2169 2
1705 2
423 2
5315 2
5311 2
5296 2
5287 2
5281 2
273 2
4816 2
5003 2
4311 2
3483 2
4914 2
4909 2
4861 2
4853 2
4760 2
4624 2
4581 2
4486 2
4377 2
2708 2
2679 2
4375 2
4371 2
1074 2
3547 2
1730 2
3999 2
3891 2
3806 2
3771 2
3609 2
3568 2
3469 2
3462 2
3399 2
3396 2
3385 2
2845 2
2381 2
3317 2
3273 2
3111 2
3098 2
3027 2
3013 2
3005 2
1830 2
2863 2
2835 2
2810 2
1133 2
2722 2
2351 2
2346 2
2247 2
2049 2
1898 2
1893 2
1864 2
1698 2
1504 2
1487 2
1333 2
1072 2
993 2
988 2
930 2
921 2
836 2
455 2
735 2
691 2
690 2
671 2
386 2
348 2
331 2
300 2
298 2
260 2
243 2
60 2
99 2
85 2
10655 2
10621 2
10620 2
10608 2
10592 2
10585 2
10556 2
10529 2
10526 2
10521 2
10520 2
10497 2
10494 2
10484 2
10480 2
10479 2
10471 2
10466 2
10448 2
10430 2
10419 2
10414 2
10410 2
10377 2
10366 2
10361 2
10360 2
10335 2
10313 2
10295 2
10294 2
10293 2
10288 2
10283 2
10274 2
10254 2
10248 2
10215 2
10213 2
10204 2
10199 2
10198 2
10191 2
10184 2
10183 2
10181 2
10177 2
10174 2
10173 2
10170 2
10169 2
10168 2
10163 2
10136 2
10134 2
10130 2
10127 2
10119 2
10118 2
10117 2
10116 2
10111 2
10092 2
10050 2
10046 2
10041 2
10031 2
10030 2
10028 2
10026 2
10019 2
10017 2
10011 2
9994 2
9993 2
9986 2
9978 2
9973 2
9968 2
9967 2
9962 2
9948 2
9931 2
9930 2
9928 2
9890 2
9880 2
9871 2
9868 2
9863 2
9862 2
9859 2
9851 2
9850 2
9846 2
9839 2
9800 2
9797 2
9777 2
9761 2
9760 2
9758 2
9756 2
9749 2
9748 2
9733 2
9708 2
9696 2
9694 2
9693 2
9692 2
9679 2
9662 2
9661 2
9659 2
9647 2
9646 2
9641 2
9640 2
9626 2
9625 2
9622 2
9614 2
9608 2
9596 2
9585 2
9579 2
9567 2
9565 2
9555 2
9549 2
9547 2
9543 2
9537 2
9536 2
9535 2
9534 2
9528 2
9507 2
9505 2
9504 2
9497 2
9495 2
9494 2
9481 2
9461 2
9447 2
9446 2
9444 2
9443 2
9437 2
9434 2
9426 2
9419 2
9406 2
9405 2
9380 2
9379 2
9375 2
9372 2
9369 2
9364 2
9363 2
9351 2
9350 2
9346 2
9315 2
9314 2
9303 2
9299 2
9286 2
9278 2
9260 2
9257 2
9255 2
9252 2
9248 2
9247 2
9243 2
9216 2
9203 2
9202 2
9195 2
9174 2
9171 2
9166 2
9153 2
9139 2
9137 2
9131 2
9130 2
9113 2
9110 2
9069 2
9068 2
9062 2
9058 2
9056 2
9047 2
9046 2
9039 2
9035 2
9033 2
9032 2
9025 2
9024 2
9022 2
9021 2
9014 2
9008 2
9007 2
9004 2
9000 2
8996 2
8991 2
8985 2
8984 2
8983 2
8966 2
8952 2
8936 2
8913 2
8902 2
8899 2
8898 2
8897 2
8892 2
8890 2
8887 2
8886 2
8885 2
8884 2
8882 2
8877 2
8861 2
8858 2
8857 2
8849 2
8847 2
8830 2
8823 2
8822 2
8808 2
8801 2
8788 2
8785 2
8778 2
8773 2
8772 2
8744 2
8734 2
8733 2
8724 2
8709 2
8705 2
8704 2
8701 2
8700 2
8694 2
8692 2
8686 2
8683 2
8681 2
8672 2
8669 2
8665 2
8656 2
8653 2
8650 2
8648 2
8642 2
8641 2
8637 2
8621 2
8605 2
8603 2
8590 2
8573 2
8570 2
8560 2
8556 2
8551 2
8538 2
8528 2
8527 2
8522 2
8510 2
8509 2
8499 2
8491 2
8486 2
8483 2
8469 2
8463 2
8460 2
8456 2
8434 2
8404 2
8402 2
8387 2
8386 2
8385 2
8381 2
8363 2
8356 2
8328 2
8325 2
8314 2
8313 2
8300 2
8283 2
8282 2
8280 2
8268 2
8263 2
8251 2
8241 2
8240 2
8239 2
8238 2
8237 2
8230 2
8228 2
8227 2
8221 2
8220 2
8214 2
8204 2
8199 2
8198 2
8196 2
8183 2
8182 2
8164 2
8162 2
8157 2
8149 2
8148 2
8145 2
8144 2
8136 2
8133 2
8132 2
8131 2
8129 2
8127 2
8126 2
8119 2
8117 2
8114 2
8110 2
8099 2
8087 2
8084 2
8068 2
8061 2
8055 2
8014 2
8011 2
8010 2
8009 2
8004 2
7998 2
7995 2
7973 2
7972 2
7961 2
7960 2
7945 2
7929 2
7926 2
7925 2
7909 2
7906 2
7900 2
7899 2
7888 2
7875 2
7869 2
7864 2
7861 2
7842 2
7840 2
7830 2
7824 2
7820 2
7813 2
7812 2
7811 2
7807 2
7798 2
7795 2
7773 2
7772 2
7769 2
7762 2
7761 2
7753 2
7750 2
7747 2
7741 2
7737 2
7735 2
7734 2
7730 2
7723 2
7720 2
7716 2
7715 2
7714 2
7712 2
7710 2
7706 2
7703 2
7701 2
7671 2
7669 2
7668 2
7666 2
7658 2
7656 2
7651 2
7650 2
7637 2
7627 2
7620 2
7607 2
7602 2
7599 2
7597 2
7590 2
7588 2
7587 2
7585 2
7579 2
7574 2
7567 2
7566 2
7565 2
7563 2
7550 2
7549 2
7539 2
7537 2
7531 2
7530 2
7525 2
7524 2
7514 2
7501 2
7500 2
7485 2
7470 2
7454 2
7409 2
7391 2
7379 2
7356 2
7355 2
7354 2
7348 2
7347 2
7333 2
7332 2
7326 2
7321 2
7316 2
7315 2
7310 2
7309 2
7305 2
7304 2
7300 2
7290 2
7288 2
7286 2
7271 2
7267 2
7265 2
7264 2
7243 2
7242 2
7236 2
7234 2
7233 2
7231 2
7226 2
7222 2
7221 2
7219 2
7195 2
7192 2
7189 2
7183 2
7178 2
7174 2
7173 2
7172 2
7171 2
7165 2
7164 2
7154 2
7150 2
7145 2
7143 2
7133 2
7120 2
7104 2
7090 2
7086 2
7082 2
7078 2
7077 2
7075 2
7065 2
7058 2
7057 2
7033 2
7032 2
7031 2
7028 2
7025 2
7022 2
7002 2
7000 2
6991 2
6987 2
6985 2
6984 2
6981 2
6980 2
6970 2
6956 2
6947 2
6942 2
6936 2
6931 2
6913 2
6907 2
6903 2
6892 2
6874 2
6873 2
6868 2
6863 2
6862 2
6845 2
6844 2
6840 2
6832 2
6822 2
6819 2
6817 2
6816 2
6815 2
6814 2
6805 2
6791 2
6772 2
6758 2
6757 2
6753 2
6751 2
6735 2
6734 2
6728 2
6717 2
6716 2
6706 2
6703 2
6700 2
6685 2
6684 2
6668 2
6667 2
6663 2
6661 2
6652 2
6651 2
6650 2
6647 2
6615 2
6603 2
6600 2
6587 2
6586 2
6575 2
6558 2
6552 2
6542 2
6537 2
6536 2
6532 2
6528 2
6524 2
6523 2
6516 2
6510 2
6494 2
6492 2
6484 2
6478 2
6477 2
6470 2
6469 2
6464 2
6461 2
6453 2
6440 2
6423 2
6421 2
6415 2
6413 2
6411 2
6405 2
6399 2
6396 2
6382 2
6380 2
6379 2
6378 2
6376 2
6374 2
6373 2
6372 2
6369 2
6367 2
6366 2
6365 2
6363 2
6362 2
6349 2
6347 2
6333 2
6332 2
6331 2
6330 2
6325 2
6323 2
6322 2
6321 2
6312 2
6305 2
6287 2
6265 2
6262 2
6244 2
6243 2
6230 2
6226 2
6225 2
6222 2
6221 2
6216 2
6215 2
6207 2
6206 2
6201 2
6197 2
6193 2
6180 2
6144 2
6141 2
6136 2
6128 2
6122 2
6120 2
6108 2
6093 2
6092 2
6091 2
6080 2
6079 2
6078 2
6077 2
6074 2
6066 2
6044 2
6028 2
6023 2
6005 2
5994 2
5992 2
5983 2
5981 2
5973 2
5972 2
5963 2
5962 2
5947 2
5943 2
5941 2
5940 2
5925 2
5919 2
5918 2
5917 2
5915 2
5914 2
5902 2
5876 2
5870 2
5858 2
5840 2
5837 2
5823 2
5813 2
5811 2
5810 2
5802 2
5800 2
5794 2
5783 2
5765 2
5764 2
5760 2
5742 2
5731 2
5722 2
5721 2
5715 2
5714 2
5713 2
5707 2
5706 2
5704 2
5687 2
5660 2
5653 2
5646 2
5639 2
5638 2
5637 2
5634 2
5631 2
5630 2
5623 2
5612 2
5607 2
5603 2
5602 2
5601 2
5594 2
5579 2
5556 2
5554 2
5553 2
5498 2
5497 2
5483 2
5481 2
5479 2
5478 2
5477 2
5474 2
5469 2
5468 2
5437 2
5422 2
5408 2
5391 2
5390 2
5387 2
5363 2
5361 2
5338 2
5337 2
5336 2
5326 2
5324 2
5312 2
5308 2
5305 2
5288 2
5279 2
5266 2
5265 2
5263 2
5251 2
5250 2
5248 2
5243 2
5242 2
5238 2
5236 2
5221 2
5214 2
5204 2
5203 2
5201 2
5188 2
5187 2
5179 2
5165 2
5149 2
5141 2
5137 2
5127 2
5126 2
5123 2
5121 2
5115 2
5109 2
5107 2
5104 2
5097 2
5096 2
5093 2
5084 2
5081 2
5080 2
5079 2
5078 2
5075 2
5072 2
5071 2
5059 2
5052 2
5049 2
5044 2
5043 2
5042 2
5041 2
5040 2
5037 2
5034 2
5016 2
5014 2
4992 2
4986 2
4976 2
4954 2
4948 2
4941 2
4938 2
4932 2
4931 2
4903 2
4894 2
4859 2
4839 2
4831 2
4830 2
4824 2
4822 2
4796 2
4783 2
4782 2
4766 2
4763 2
4755 2
4748 2
4747 2
4742 2
4739 2
4738 2
4725 2
4724 2
4712 2
4710 2
4703 2
4701 2
4699 2
4693 2
4692 2
4683 2
4675 2
4666 2
4665 2
4659 2
4650 2
4637 2
4633 2
4632 2
4625 2
4617 2
4612 2
4610 2
4608 2
4606 2
4603 2
4602 2
4600 2
4599 2
4597 2
4587 2
4586 2
4556 2
4554 2
4540 2
4536 2
4524 2
4509 2
4472 2
4469 2
4467 2
4456 2
4455 2
4447 2
4444 2
4439 2
4412 2
4408 2
4406 2
4403 2
4401 2
4398 2
4394 2
4382 2
4368 2
4354 2
4353 2
4346 2
4326 2
4325 2
4310 2
4305 2
4304 2
4303 2
4302 2
4293 2
4265 2
4263 2
4224 2
4206 2
4202 2
4201 2
4195 2
4176 2
4169 2
4162 2
4161 2
4157 2
4152 2
4149 2
4143 2
4140 2
4132 2
4126 2
4100 2
4099 2
4096 2
4089 2
4088 2
4083 2
4078 2
4077 2
4076 2
4069 2
4068 2
4063 2
4033 2
4024 2
4002 2
3991 2
3988 2
3987 2
3986 2
3984 2
3973 2
3965 2
3942 2
3940 2
3908 2
3905 2
3895 2
3868 2
3861 2
3852 2
3849 2
3835 2
3791 2
3765 2
3757 2
3756 2
3755 2
3748 2
3740 2
3739 2
3738 2
3737 2
3730 2
3717 2
3712 2
3711 2
3709 2
3695 2
3694 2
3689 2
3685 2
3680 2
3679 2
3677 2
3673 2
3672 2
3669 2
3668 2
3667 2
3656 2
3638 2
3633 2
3622 2
3620 2
3606 2
3596 2
3593 2
3583 2
3582 2
3580 2
3578 2
3577 2
3575 2
3553 2
3552 2
3551 2
3533 2
3532 2
3521 2
3513 2
3510 2
3490 2
3472 2
3460 2
3450 2
3446 2
3438 2
3422 2
3418 2
3410 2
3405 2
3403 2
3402 2
3392 2
3386 2
3357 2
3338 2
3337 2
3333 2
3332 2
3330 2
3328 2
3327 2
3322 2
3321 2
3309 2
3303 2
3289 2
3280 2
3269 2
3260 2
3249 2
3248 2
3235 2
3234 2
3227 2
3208 2
3206 2
3191 2
3186 2
3185 2
3181 2
3178 2
3166 2
3155 2
3126 2
3114 2
3107 2
3106 2
3101 2
3075 2
3065 2
3063 2
3055 2
3054 2
3040 2
2999 2
2987 2
2986 2
2982 2
2979 2
2977 2
2976 2
2975 2
2972 2
2970 2
2960 2
2930 2
2926 2
2924 2
2873 2
2861 2
2860 2
2859 2
2854 2
2842 2
2815 2
2812 2
2803 2
2790 2
2785 2
2768 2
2733 2
2732 2
2726 2
2714 2
2706 2
2705 2
2699 2
2693 2
2691 2
2690 2
2689 2
2687 2
2678 2
2677 2
2672 2
2650 2
2640 2
2632 2
2616 2
2615 2
2614 2
2602 2
2588 2
2575 2
2569 2
2558 2
2503 2
2488 2
2487 2
2477 2
2458 2
2457 2
2452 2
2447 2
2446 2
2420 2
2396 2
2394 2
2365 2
2357 2
2343 2
2342 2
2331 2
2330 2
2316 2
2315 2
2313 2
2312 2
2309 2
2300 2
2299 2
2298 2
2294 2
2262 2
2260 2
2259 2
2258 2
2248 2
2242 2
2240 2
2227 2
2226 2
2222 2
2219 2
2197 2
2185 2
2184 2
2181 2
2176 2
2174 2
2166 2
2161 2
2121 2
2112 2
2108 2
2105 2
2096 2
2092 2
2085 2
2056 2
2046 2
2040 2
2037 2
2034 2
2033 2
1946 2
1926 2
1924 2
1919 2
1918 2
1888 2
1859 2
1854 2
1835 2
1824 2
1822 2
1821 2
1809 2
1807 2
1787 2
1780 2
1746 2
1745 2
1733 2
1731 2
1729 2
1723 2
1713 2
1701 2
1699 2
1685 2
1681 2
1680 2
1655 2
1651 2
1650 2
1617 2
1605 2
1601 2
1598 2
1597 2
1593 2
1555 2
1522 2
1521 2
1519 2
1515 2
1496 2
1491 2
1490 2
1461 2
1448 2
1445 2
1443 2
1438 2
1437 2
1429 2
1427 2
1421 2
1407 2
1383 2
1365 2
1364 2
1334 2
1252 2
1245 2
1241 2
1238 2
1225 2
1223 2
1182 2
1150 2
1135 2
1132 2
1129 2
1128 2
1105 2
1103 2
1071 2
1070 2
1056 2
1054 2
1038 2
1033 2
950 2
937 2
931 2
923 2
919 2
889 2
877 2
869 2
868 2
854 2
833 2
816 2
815 2
747 2
740 2
739 2
733 2
732 2
731 2
729 2
726 2
713 2
712 2
709 2
708 2
707 2
701 2
698 2
696 2
674 2
672 2
603 2
602 2
599 2
543 2
518 2
513 2
493 2
483 2
473 2
451 2
440 2
438 2
432 2
420 2
407 2
379 2
368 2
367 2
354 2
333 2
313 2
309 2
307 2
301 2
288 2
287 2
286 2
285 2
274 2
265 2
254 2
238 2
218 2
200 2
195 2
178 2
157 2
140 2
136 2
87 2
72 2
71 2
68 2
52 2
45 2
11 2
9 2
8 2
9845 1
5224 1
5223 1
4835 1
3883 1
5226 1
1386 1
4878 1
4836 1
3939 1
5733 1
4307 1
496 1
593 1
1974 1
8562 1
4319 1
4879 1
6385 1
5875 1
9163 1
6306 1
10355 1
2684 1
8123 1
6433 1
7634 1
2620 1
980 1
4102 1
9322 1
5570 1
4297 1
5261 1
2662 1
3496 1
5734 1
7424 1
499 1
594 1
9769 1
7766 1
4672 1
1967 1
9700 1
7193 1
8814 1
851 1
5668 1
8046 1
826 1
8448 1
10566 1
1069 1
2947 1
6384 1
6187 1
5371 1
6933 1
4933 1
5135 1
3705 1
1642 1
8040 1
5382 1
6341 1
1977 1
5882 1
5348 1
10159 1
8647 1
986 1
5959 1
974 1
2685 1
6049 1
2577 1
9736 1
7474 1
304 1
449 1
6719 1
2236 1
8484 1
6432 1
7633 1
2617 1
3306 1
8623 1
2660 1
2954 1
3635 1
4898 1
4905 1
6032 1
981 1
8191 1
4104 1
6335 1
5738 1
7371 1
4296 1
7472 1
5545 1
5262 1
8411 1
7808 1
8564 1
7449 1
7011 1
1692 1
6564 1
7018 1
865 1
10339 1
8774 1
4579 1
6257 1
8757 1
3226 1
2850 1
8994 1
9738 1
8707 1
7767 1
7108 1
10098 1
4503 1
3878 1
1970 1
1192 1
9963 1
9512 1
1259 1
8058 1
2900 1
5051 1
8821 1
8218 1
4641 1
9754 1
2291 1
2636 1
791 1
5533 1
5667 1
2875 1
3182 1
3773 1
6780 1
376 1
8446 1
7717 1
3702 1
7709 1
6881 1
9097 1
894 1
10035 1
1067 1
8963 1
7263 1
6887 1
8904 1
2949 1
10275 1
5542 1
8820 1
596 1
8761 1
8629 1
6430 1
5140 1
6184 1
8581 1
9560 1
7645 1
5532 1
3857 1
2408 1
6934 1
7282 1
8078 1
4936 1
4686 1
8264 1
4322 1
3417 1
8171 1
2036 1
6636 1
8139 1
5210 1
8106 1
3707 1
8091 1
5662 1
6998 1
997 1
5605 1
7948 1
10425 1
9287 1
4490 1
7744 1
7135 1
7632 1
7553 1
7469 1
2508 1
7426 1
3540 1
7375 1
6722 1
6338 1
10562 1
2919 1
6447 1
6788 1
5768 1
9395 1
6812 1
3363 1
3760 1
8079 1
8023 1
7796 1
5349 1
6289 1
1331 1
8730 1
6179 1
3885 1
985 1
5960 1
1007 1
6082 1
979 1
10200 1
5928 1
5900 1
5889 1
9833 1
5808 1
7933 1
5753 1
7038 1
4053 1
8783 1
5463 1
5516 1
303 1
9592 1
5359 1
5328 1
10004 1
6720 1
2943 1
2621 1
8559 1
4834 1
7779 1
4769 1
2618 1
9365 1
8624 1
2656 1
3555 1
6076 1
3414 1
2955 1
3131 1
2805 1
2465 1
9455 1
6213 1
1727 1
2279 1
2103 1
2009 1
4187 1
7176 1
5866 1
7577 1
5814 1
4343 1
799 1
619 1
616 1
541 1
6031 1
801 1
188 1
9879 1
10234 1
9629 1
5830 1
8192 1
9135 1
10342 1
5787 1
5739 1
8932 1
7372 1
10333 1
4298 1
10290 1
7996 1
7336 1
7473 1
10320 1
10558 1
10445 1
10560 1
7939 1
7118 1
10271 1
7809 1
10446 1
405 1
4337 1
9568 1
10552 1
9977 1
4989 1
8250 1
2461 1
6105 1
9717 1
10532 1
1609 1
9921 1
7013 1
10505 1
8384 1
7124 1
10454 1
7938 1
10190 1
2229 1
10467 1
3958 1
10440 1
9934 1
9430 1
5596 1
2663 1
4620 1
8245 1
7181 1
4015 1
5038 1
4347 1
10386 1
10380 1
6900 1
4272 1
7019 1
866 1
2759 1
4493 1
8775 1
10305 1
8738 1
8536 1
7421 1
8758 1
9688 1
5968 1
9087 1
422 1
495 1
6371 1
6127 1
10241 1
9073 1
8800 1
9238 1
10223 1
7044 1
10209 1
10078 1
4495 1
8708 1
10150 1
4682 1
8549 1
4207 1
10122 1
7111 1
10113 1
10096 1
9439 1
10088 1
10080 1
10072 1
4984 1
2018 1
8907 1
10001 1
6825 1
8201 1
6460 1
10007 1
2305 1
9999 1
9410 1
7982 1
9413 1
4744 1
9953 1
330 1
6360 1
1354 1
1882 1
9919 1
6160 1
3440 1
5047 1
8544 1
7754 1
8059 1
9887 1
2901 1
2877 1
7117 1
7492 1
3313 1
8990 1
7476 1
9823 1
7728 1
3459 1
4706 1
8716 1
9802 1
7106 1
5247 1
7308 1
4619 1
9780 1
5711 1
4643 1
9752 1
9743 1
4838 1
9726 1
9719 1
9715 1
9697 1
9690 1
9687 1
9520 1
9173 1
3980 1
9415 1
9648 1
3351 1
9632 1
9457 1
9619 1
5547 1
7156 1
9570 1
5085 1
9541 1
6870 1
9448 1
8370 1
9479 1
9469 1
5473 1
7580 1
5249 1
4841 1
9432 1
5535 1
5669 1
9402 1
1788 1
7757 1
5340 1
4996 1
9361 1
4764 1
9354 1
8576 1
9337 1
5831 1
378 1
9318 1
62 1
8866 1
9301 1
5891 1
8533 1
8308 1
9281 1
8447 1
9273 1
9105 1
9264 1
9250 1
5350 1
9235 1
828 1
8924 1
9222 1
940 1
5978 1
9205 1
9192 1
9181 1
9176 1
9159 1
8471 1
8535 1
8443 1
9143 1
4953 1
4681 1
645 1
6960 1
9107 1
9103 1
9096 1
9082 1
9060 1
9042 1
9003 1
1068 1
6692 1
676 1
8960 1
8957 1
5383 1
8934 1
5062 1
8926 1
8914 1
4020 1
8903 1
5629 1
5185 1
8863 1
3920 1
8856 1
6945 1
8818 1
3994 1
8812 1
6782 1
5961 1
597 1
8760 1
1049 1
2474 1
8343 1
8658 1
8654 1
8628 1
8611 1
6431 1
6938 1
1858 1
8584 1
6186 1
8580 1
6097 1
8547 1
7112 1
7855 1
2024 1
8502 1
6783 1
4786 1
8454 1
3814 1
6172 1
5373 1
3767 1
8424 1
7283 1
8417 1
8415 1
8392 1
8354 1
8107 1
6654 1
6121 1
6353 1
1098 1
2245 1
8278 1
8269 1
4687 1
2849 1
7876 1
6961 1
4323 1
7293 1
7833 1
8170 1
8154 1
5948 1
6637 1
4655 1
7541 1
4696 1
7080 1
4262 1
8101 1
375 1
8094 1
8003 1
8080 1
5664 1
8067 1
3666 1
5677 1
8016 1
6836 1
7655 1
7984 1
7977 1
7968 1
5606 1
7949 1
7946 1
3481 1
7636 1
7895 1
3180 1
7071 1
7848 1
7835 1
7827 1
7801 1
4865 1
4653 1
3764 1
7755 1
2923 1
7742 1
7725 1
7718 1
7681 1
7496 1
7674 1
7663 1
7136 1
3754 1
6344 1
4400 1
7253 1
7552 1
326 1
1167 1
4990 1
4998 1
7466 1
7453 1
7435 1
7431 1
4514 1
7413 1
3541 1
4471 1
7384 1
7374 1
3307 1
7344 1
7298 1
6723 1
7256 1
7245 1
2867 1
1371 1
6339 1
7201 1
7187 1
7167 1
7116 1
1147 1
3904 1
7095 1
6952 1
7074 1
5119 1
7060 1
2920 1
6014 1
4267 1
6448 1
7039 1
487 1
2959 1
7003 1
6995 1
6975 1
6789 1
6949 1
6940 1
2891 1
6909 1
2833 1
6885 1
6086 1
6883 1
6879 1
6875 1
6116 1
6849 1
6838 1
6835 1
6811 1
6802 1
6799 1
6742 1
6741 1
5590 1
6701 1
6694 1
5278 1
6629 1
6627 1
3360 1
6599 1
6597 1
3762 1
6577 1
6566 1
6539 1
4506 1
283 1
6501 1
2329 1
6482 1
6446 1
5788 1
6404 1
6390 1
953 1
5924 1
6334 1
6300 1
6294 1
4164 1
6288 1
6274 1
6268 1
6246 1
6177 1
6102 1
3886 1
6167 1
6163 1
6157 1
987 1
3641 1
6099 1
569 1
6081 1
4934 1
6046 1
6040 1
5388 1
6025 1
3640 1
5956 1
5949 1
5931 1
5927 1
5920 1
5899 1
5887 1
1257 1
5862 1
5860 1
5851 1
5848 1
5845 1
5821 1
5806 1
5805 1
5797 1
4588 1
5757 1
5751 1
5726 1
5700 1
5679 1
4054 1
5658 1
5633 1
5626 1
5610 1
5600 1
5593 1
5564 1
5527 1
5520 1
5512 1
500 1
5504 1
2224 1
5464 1
5448 1
306 1
5445 1
5419 1
5413 1
4716 1
5400 1
5396 1
5394 1
5370 1
3888 1
5354 1
4071 1
5327 1
5310 1
1517 1
5245 1
5229 1
2886 1
5207 1
5206 1
5195 1
5184 1
5182 1
5020 1
5018 1
1199 1
2622 1
3833 1
4945 1
3890 1
3955 1
4917 1
2871 1
4863 1
4851 1
4832 1
4818 1
4781 1
4777 1
846 1
4736 1
4709 1
1255 1
4679 1
4594 1
4589 1
4548 1
4523 1
4521 1
4464 1
4415 1
3945 1
427 1
4364 1
4331 1
4328 1
4276 1
4274 1
4255 1
4252 1
820 1
4235 1
4227 1
1846 1
1376 1
4173 1
4170 1
4129 1
4092 1
1134 1
3998 1
3995 1
3970 1
3927 1
3918 1
3915 1
3913 1
2606 1
3902 1
270 1
3836 1
3829 1
3800 1
3793 1
3786 1
3776 1
3727 1
3256 1
3715 1
3698 1
2657 1
3600 1
3587 1
1639 1
3565 1
3554 1
3536 1
3455 1
3413 1
3411 1
3366 1
3287 1
3257 1
3242 1
3188 1
3162 1
3159 1
3129 1
3113 1
3102 1
3052 1
3046 1
2963 1
2868 1
2847 1
2804 1
2564 1
2680 1
2528 1
2464 1
2454 1
2450 1
2411 1
2403 1
2398 1
2073 1
2354 1
2333 1
1728 1
2278 1
2238 1
2215 1
2199 1
2101 1
2078 1
2075 1
2067 1
2008 1
1964 1
1869 1
1832 1
1812 1
1811 1
1783 1
1684 1
1660 1
1659 1
1648 1
1502 1
1343 1
1296 1
1258 1
1195 1
1173 1
1142 1
1121 1
1109 1
1106 1
1094 1
1060 1
887 1
1022 1
1020 1
1003 1
1001 1
984 1
973 1
971 1
947 1
925 1
910 1
896 1
881 1
860 1
855 1
807 1
798 1
746 1
661 1
643 1
618 1
613 1
590 1
540 1
520 1
465 1
383 1
370 1
364 1
360 1
344 1
343 1
341 1
294 1
280 1
276 1
267 1
192 1
191 1
187 1
186 1
163 1
100 1
74 1
64 1
55 1
22 1
20 1
2 1
10680 1
10679 1
10678 1
10677 1
10676 1
10675 1
10674 1
10673 1
10672 1
10671 1
10670 1
10669 1
10668 1
10667 1
10666 1
10665 1
10664 1
10663 1
10662 1
10661 1
10660 1
10659 1
10658 1
10657 1
10656 1
10654 1
10653 1
10652 1
10651 1
10650 1
10649 1
10648 1
10647 1
10646 1
10645 1
10644 1
10643 1
10642 1
10641 1
10640 1
10639 1
10638 1
10637 1
10636 1
10635 1
10634 1
10633 1
10632 1
10631 1
10630 1
10629 1
10628 1
10627 1
10626 1
10625 1
10624 1
10623 1
10622 1
10619 1
10618 1
10617 1
10616 1
10615 1
10614 1
10613 1
10612 1
10611 1
10610 1
10609 1
10607 1
10606 1
10605 1
10604 1
10603 1
10602 1
10601 1
10600 1
10599 1
10598 1
10597 1
10596 1
10595 1
10594 1
10593 1
10591 1
10590 1
10589 1
10588 1
10587 1
10586 1
10584 1
10583 1
10582 1
10581 1
10580 1
10579 1
10578 1
10577 1
10576 1
10575 1
10574 1
10573 1
10572 1
10571 1
10570 1
10569 1
10568 1
10567 1
10565 1
10564 1
10563 1
10561 1
10559 1
10557 1
10555 1
10554 1
10553 1
10551 1
10550 1
10549 1
10548 1
10547 1
10546 1
10545 1
10544 1
10543 1
10542 1
10541 1
10540 1
10539 1
10538 1
10537 1
10536 1
10535 1
10534 1
10533 1
10531 1
10530 1
10528 1
10527 1
10525 1
10524 1
10523 1
10522 1
10519 1
10518 1
10517 1
10516 1
10515 1
10514 1
10513 1
10512 1
10511 1
10510 1
10509 1
10508 1
10507 1
10506 1
10504 1
10503 1
10502 1
10501 1
10500 1
10498 1
10496 1
10495 1
10493 1
10492 1
10491 1
10490 1
10489 1
10488 1
10487 1
10486 1
10485 1
10483 1
10482 1
10481 1
10478 1
10477 1
10476 1
10475 1
10474 1
10473 1
10472 1
10470 1
10469 1
10468 1
10465 1
10464 1
10463 1
10462 1
10461 1
10460 1
10459 1
10458 1
10457 1
10456 1
10455 1
10453 1
10452 1
10451 1
10450 1
10449 1
10447 1
10444 1
10443 1
10442 1
10441 1
10439 1
10438 1
10437 1
10436 1
10435 1
10434 1
10433 1
10432 1
10431 1
10428 1
10427 1
10426 1
10424 1
10423 1
10422 1
10421 1
10420 1
10418 1
10417 1
10416 1
10415 1
10413 1
10412 1
10411 1
10409 1
10408 1
10407 1
10406 1
10405 1
10404 1
10403 1
10402 1
10401 1
10400 1
10399 1
10398 1
10396 1
10395 1
10394 1
10393 1
10392 1
10391 1
10390 1
10389 1
10388 1
10387 1
10385 1
10384 1
10383 1
10382 1
10381 1
10379 1
10376 1
10375 1
10374 1
10373 1
10372 1
10371 1
10370 1
10369 1
10368 1
10367 1
10365 1
10364 1
10363 1
10362 1
10359 1
10358 1
10357 1
10356 1
10354 1
10353 1
10352 1
10351 1
10350 1
10349 1
10348 1
10347 1
10346 1
10345 1
10344 1
10343 1
10341 1
10340 1
10338 1
10337 1
10336 1
10334 1
10332 1
10331 1
10330 1
10329 1
10328 1
10327 1
10326 1
10325 1
10324 1
10323 1
10322 1
10321 1
10319 1
10318 1
10316 1
10315 1
10314 1
10309 1
10308 1
10307 1
10306 1
10304 1
10303 1
10302 1
10301 1
10300 1
10299 1
10298 1
10297 1
10296 1
10292 1
10291 1
10289 1
10287 1
10286 1
10285 1
10284 1
10282 1
10281 1
10280 1
10279 1
10278 1
10277 1
10276 1
10273 1
10272 1
10270 1
10269 1
10268 1
10267 1
10266 1
10265 1
10264 1
10263 1
10262 1
10261 1
10260 1
10259 1
10258 1
10257 1
10256 1
10255 1
10253 1
10252 1
10251 1
10250 1
10249 1
10247 1
10246 1
10245 1
10244 1
10243 1
10242 1
10240 1
10239 1
10238 1
10237 1
10236 1
10235 1
10233 1
10232 1
10231 1
10229 1
10228 1
10227 1
10226 1
10225 1
10224 1
10222 1
10221 1
10220 1
10219 1
10218 1
10217 1
10216 1
10214 1
10212 1
10210 1
10208 1
10207 1
10206 1
10205 1
10203 1
10202 1
10201 1
10197 1
10196 1
10195 1
10194 1
10193 1
10192 1
10189 1
10188 1
10187 1
10186 1
10185 1
10182 1
10180 1
10179 1
10176 1
10175 1
10171 1
10167 1
10166 1
10165 1
10164 1
10162 1
10161 1
10160 1
10158 1
10157 1
10156 1
10155 1
10154 1
10153 1
10152 1
10151 1
10149 1
10148 1
10147 1
10146 1
10145 1
10144 1
10143 1
10142 1
10141 1
10140 1
10138 1
10137 1
10135 1
10133 1
10132 1
10131 1
10128 1
10126 1
10123 1
10121 1
10120 1
10115 1
10114 1
10112 1
10110 1
10109 1
10107 1
10106 1
10105 1
10104 1
10102 1
10101 1
10100 1
10099 1
10097 1
10095 1
10094 1
10093 1
10091 1
10090 1
10089 1
10087 1
10086 1
10085 1
10084 1
10083 1
10081 1
10079 1
10077 1
10076 1
10075 1
10074 1
10073 1
10071 1
10070 1
10069 1
10068 1
10067 1
10066 1
10065 1
10062 1
10061 1
10060 1
10059 1
10058 1
10057 1
10056 1
10055 1
10054 1
10053 1
10052 1
10051 1
10049 1
10048 1
10047 1
10044 1
10043 1
10042 1
10040 1
10039 1
10038 1
10037 1
10036 1
10034 1
10033 1
10032 1
10029 1
10027 1
10025 1
10024 1
10023 1
10022 1
10021 1
10020 1
10018 1
10016 1
10015 1
10014 1
10013 1
10012 1
10010 1
10009 1
10008 1
10006 1
10005 1
10003 1
10002 1
10000 1
9998 1
9997 1
9996 1
9995 1
9992 1
9991 1
9990 1
9989 1
9988 1
9985 1
9984 1
9983 1
9982 1
9981 1
9980 1
9979 1
9976 1
9975 1
9974 1
9972 1
9971 1
9970 1
9969 1
9966 1
9965 1
9964 1
9961 1
9960 1
9959 1
9958 1
9957 1
9956 1
9955 1
9954 1
9952 1
9951 1
9950 1
9949 1
9947 1
9946 1
9945 1
9944 1
9943 1
9942 1
9941 1
9940 1
9939 1
9938 1
9937 1
9936 1
9935 1
9933 1
9932 1
9929 1
9927 1
9926 1
9925 1
9924 1
9923 1
9922 1
9920 1
9918 1
9917 1
9916 1
9915 1
9914 1
9912 1
9911 1
9910 1
9909 1
9908 1
9907 1
9906 1
9905 1
9904 1
9903 1
9902 1
9901 1
9900 1
9899 1
9898 1
9897 1
9896 1
9895 1
9894 1
9893 1
9892 1
9891 1
9889 1
9888 1
9886 1
9885 1
9884 1
9883 1
9882 1
9881 1
9878 1
9877 1
9876 1
9875 1
9873 1
9872 1
9870 1
9869 1
9867 1
9866 1
9864 1
9860 1
9858 1
9857 1
9856 1
9855 1
9854 1
9853 1
9849 1
9848 1
9847 1
9844 1
9843 1
9842 1
9841 1
9840 1
9838 1
9837 1
9836 1
9834 1
9832 1
9831 1
9830 1
9829 1
9828 1
9827 1
9826 1
9825 1
9824 1
9822 1
9821 1
9820 1
9819 1
9818 1
9817 1
9816 1
9815 1
9814 1
9813 1
9812 1
9811 1
9810 1
9809 1
9808 1
9807 1
9806 1
9805 1
9804 1
9803 1
9801 1
9799 1
9798 1
9796 1
9795 1
9794 1
9792 1
9791 1
9790 1
9789 1
9788 1
9787 1
9786 1
9785 1
9784 1
9783 1
9782 1
9781 1
9779 1
9778 1
9776 1
9775 1
9774 1
9773 1
9772 1
9771 1
9770 1
9768 1
9767 1
9766 1
9764 1
9763 1
9762 1
9759 1
9757 1
9755 1
9753 1
9751 1
9750 1
9747 1
9746 1
9745 1
9744 1
9742 1
9741 1
9740 1
9739 1
9737 1
9735 1
9734 1
9732 1
9731 1
9730 1
9729 1
9728 1
9727 1
9723 1
9721 1
9720 1
9718 1
9716 1
9713 1
9712 1
9711 1
9710 1
9709 1
9707 1
9706 1
9705 1
9704 1
9703 1
9702 1
9701 1
9699 1
9698 1
9695 1
9689 1
9686 1
9685 1
9684 1
9683 1
9682 1
9681 1
9680 1
9678 1
9677 1
9676 1
9675 1
9674 1
9673 1
9672 1
9671 1
9670 1
9669 1
9668 1
9667 1
9666 1
9665 1
9664 1
9663 1
9660 1
9658 1
9657 1
9656 1
9655 1
9654 1
9653 1
9652 1
9651 1
9650 1
9649 1
9645 1
9644 1
9643 1
9642 1
9639 1
9638 1
9637 1
9636 1
9635 1
9634 1
9633 1
9631 1
9630 1
9628 1
9624 1
9623 1
9621 1
9620 1
9618 1
9617 1
9616 1
9615 1
9613 1
9612 1
9611 1
9610 1
9607 1
9606 1
9604 1
9603 1
9602 1
9601 1
9600 1
9599 1
9598 1
9597 1
9595 1
9594 1
9593 1
9591 1
9590 1
9589 1
9588 1
9587 1
9586 1
9584 1
9583 1
9582 1
9581 1
9580 1
9578 1
9577 1
9576 1
9572 1
9571 1
9569 1
9566 1
9564 1
9563 1
9562 1
9559 1
9558 1
9557 1
9556 1
9554 1
9553 1
9552 1
9551 1
9550 1
9548 1
9546 1
9545 1
9544 1
9542 1
9540 1
9539 1
9538 1
9533 1
9532 1
9531 1
9530 1
9529 1
9524 1
9523 1
9522 1
9521 1
9519 1
9518 1
9517 1
9515 1
9514 1
9513 1
9511 1
9510 1
9509 1
9508 1
9502 1
9501 1
9499 1
9496 1
9493 1
9492 1
9491 1
9490 1
9489 1
9488 1
9487 1
9486 1
9485 1
9483 1
9482 1
9480 1
9478 1
9477 1
9476 1
9475 1
9474 1
9473 1
9472 1
9471 1
9470 1
9468 1
9467 1
9466 1
9465 1
9464 1
9463 1
9462 1
9460 1
9459 1
9458 1
9456 1
9454 1
9453 1
9452 1
9451 1
9450 1
9449 1
9445 1
9442 1
9441 1
9440 1
9436 1
9435 1
9433 1
9431 1
9429 1
9425 1
9424 1
9423 1
9422 1
9421 1
9420 1
9418 1
9417 1
9416 1
9414 1
9411 1
9409 1
9408 1
9407 1
9404 1
9401 1
9400 1
9399 1
9397 1
9396 1
9394 1
9393 1
9392 1
9388 1
9387 1
9386 1
9385 1
9383 1
9378 1
9377 1
9376 1
9368 1
9367 1
9366 1
9362 1
9360 1
9359 1
9358 1
9357 1
9356 1
9355 1
9353 1
9352 1
9349 1
9348 1
9347 1
9345 1
9344 1
9343 1
9342 1
9341 1
9340 1
9339 1
9338 1
9336 1
9334 1
9333 1
9332 1
9331 1
9330 1
9329 1
9328 1
9327 1
9326 1
9325 1
9324 1
9323 1
9321 1
9320 1
9319 1
9317 1
9316 1
9313 1
9312 1
9311 1
9310 1
9307 1
9306 1
9305 1
9304 1
9302 1
9300 1
9297 1
9295 1
9294 1
9293 1
9292 1
9291 1
9290 1
9289 1
9288 1
9285 1
9283 1
9282 1
9280 1
9279 1
9276 1
9275 1
9274 1
9272 1
9271 1
9270 1
9269 1
9268 1
9265 1
9263 1
9262 1
9261 1
9259 1
9256 1
9254 1
9251 1
9249 1
9245 1
9244 1
9242 1
9241 1
9240 1
9239 1
9237 1
9236 1
9234 1
9233 1
9232 1
9229 1
9228 1
9227 1
9226 1
9225 1
9224 1
9223 1
9221 1
9220 1
9219 1
9218 1
9217 1
9215 1
9214 1
9213 1
9212 1
9211 1
9210 1
9209 1
9208 1
9207 1
9206 1
9204 1
9201 1
9200 1
9199 1
9197 1
9194 1
9193 1
9191 1
9190 1
9189 1
9188 1
9187 1
9186 1
9185 1
9184 1
9183 1
9182 1
9180 1
9179 1
9178 1
9177 1
9175 1
9172 1
9170 1
9169 1
9167 1
9165 1
9164 1
9161 1
9160 1
9158 1
9157 1
9156 1
9155 1
9154 1
9152 1
9151 1
9149 1
9148 1
9147 1
9145 1
9144 1
9142 1
9141 1
9140 1
9138 1
9136 1
9134 1
9133 1
9132 1
9129 1
9128 1
9127 1
9126 1
9124 1
9123 1
9122 1
9121 1
9120 1
9119 1
9118 1
9117 1
9116 1
9115 1
9114 1
9112 1
9108 1
9106 1
9104 1
9102 1
9101 1
9100 1
9099 1
9098 1
9095 1
9094 1
9090 1
9089 1
9088 1
9086 1
9084 1
9083 1
9081 1
9080 1
9079 1
9078 1
9077 1
9076 1
9075 1
9072 1
9071 1
9070 1
9066 1
9065 1
9064 1
9063 1
9061 1
9059 1
9057 1
9054 1
9053 1
9052 1
9051 1
9050 1
9049 1
9044 1
9043 1
9041 1
9040 1
9038 1
9037 1
9036 1
9031 1
9030 1
9029 1
9028 1
9027 1
9026 1
9023 1
9018 1
9017 1
9013 1
9011 1
9010 1
9006 1
9002 1
9001 1
8999 1
8998 1
8997 1
8995 1
8993 1
8992 1
8989 1
8987 1
8986 1
8982 1
8981 1
8980 1
8979 1
8977 1
8976 1
8975 1
8974 1
8973 1
8972 1
8971 1
8970 1
8969 1
8968 1
8965 1
8964 1
8962 1
8961 1
8959 1
8958 1
8956 1
8955 1
8954 1
8950 1
8949 1
8948 1
8947 1
8946 1
8945 1
8943 1
8938 1
8935 1
8933 1
8931 1
8930 1
8929 1
8928 1
8927 1
8925 1
8923 1
8922 1
8920 1
8919 1
8915 1
8912 1
8911 1
8910 1
8909 1
8908 1
8906 1
8905 1
8900 1
8896 1
8895 1
8894 1
8893 1
8889 1
8888 1
8883 1
8880 1
8879 1
8878 1
8876 1
8875 1
8874 1
8873 1
8872 1
8870 1
8869 1
8868 1
8867 1
8865 1
8864 1
8862 1
8859 1
8855 1
8845 1
8842 1
8841 1
8840 1
8839 1
8838 1
8836 1
8835 1
8834 1
8833 1
8831 1
8827 1
8826 1
8825 1
8824 1
8819 1
8817 1
8816 1
8815 1
8813 1
8811 1
8810 1
8809 1
8807 1
8806 1
8805 1
8802 1
8797 1
8796 1
8795 1
8794 1
8793 1
8792 1
8791 1
8790 1
8789 1
8787 1
8786 1
8784 1
8782 1
8781 1
8769 1
8768 1
8767 1
8766 1
8765 1
8764 1
8763 1
8762 1
8759 1
8756 1
8755 1
8754 1
8753 1
8752 1
8751 1
8750 1
8749 1
8748 1
8747 1
8746 1
8745 1
8743 1
8742 1
8741 1
8740 1
8739 1
8737 1
8736 1
8735 1
8732 1
8731 1
8729 1
8727 1
8726 1
8723 1
8722 1
8721 1
8720 1
8719 1
8718 1
8715 1
8714 1
8713 1
8711 1
8706 1
8703 1
8702 1
8699 1
8698 1
8697 1
8695 1
8691 1
8690 1
8689 1
8688 1
8687 1
8685 1
8680 1
8678 1
8677 1
8676 1
8675 1
8674 1
8671 1
8668 1
8667 1
8666 1
8664 1
8663 1
8662 1
8661 1
8659 1
8657 1
8655 1
8651 1
8649 1
8646 1
8645 1
8640 1
8636 1
8635 1
8634 1
8633 1
8632 1
8631 1
8630 1
8627 1
8626 1
8625 1
8619 1
8618 1
8612 1
8607 1
8606 1
8604 1
8601 1
8599 1
8598 1
8597 1
8596 1
8594 1
8592 1
8589 1
8588 1
8587 1
8586 1
8585 1
8583 1
8582 1
8579 1
8578 1
8577 1
8575 1
8574 1
8572 1
8569 1
8568 1
8567 1
8566 1
8565 1
8563 1
8561 1
8558 1
8557 1
8554 1
8553 1
8550 1
8548 1
8546 1
8545 1
8543 1
8542 1
8541 1
8540 1
8539 1
8537 1
8534 1
8532 1
8531 1
8530 1
8529 1
8526 1
8525 1
8524 1
8523 1
8521 1
8520 1
8519 1
8518 1
8517 1
8516 1
8511 1
8503 1
8501 1
8497 1
8496 1
8495 1
8494 1
8493 1
8490 1
8487 1
8482 1
8481 1
8479 1
8478 1
8477 1
8476 1
8475 1
8474 1
8473 1
8470 1
8468 1
8467 1
8466 1
8462 1
8461 1
8459 1
8458 1
8455 1
8453 1
8450 1
8449 1
8445 1
8444 1
8442 1
8440 1
8437 1
8436 1
8435 1
8433 1
8432 1
8431 1
8430 1
8429 1
8428 1
8427 1
8426 1
8425 1
8423 1
8422 1
8421 1
8420 1
8419 1
8418 1
8416 1
8414 1
8413 1
8412 1
8410 1
8407 1
8405 1
8401 1
8400 1
8399 1
8395 1
8393 1
8391 1
8390 1
8389 1
8388 1
8383 1
8382 1
8380 1
8379 1
8377 1
8375 1
8373 1
8369 1
8367 1
8366 1
8365 1
8364 1
8362 1
8360 1
8359 1
8358 1
8357 1
8355 1
8353 1
8352 1
8351 1
8350 1
8348 1
8346 1
8345 1
8344 1
8341 1
8340 1
8339 1
8336 1
8334 1
8333 1
8332 1
8331 1
8330 1
8329 1
8326 1
8324 1
8323 1
8322 1
8319 1
8318 1
8316 1
8311 1
8310 1
8309 1
8307 1
8306 1
8305 1
8304 1
8303 1
8302 1
8299 1
8298 1
8297 1
8296 1
8294 1
8292 1
8291 1
8290 1
8289 1
8288 1
8287 1
8286 1
8285 1
8284 1
8281 1
8279 1
8277 1
8275 1
8274 1
8273 1
8272 1
8271 1
8270 1
8267 1
8266 1
8265 1
8262 1
8261 1
8259 1
8257 1
8256 1
8255 1
8254 1
8253 1
8249 1
8248 1
8247 1
8246 1
8244 1
8234 1
8233 1
8232 1
8229 1
8225 1
8224 1
8223 1
8222 1
8219 1
8217 1
8216 1
8215 1
8213 1
8212 1
8211 1
8210 1
8208 1
8207 1
8205 1
8203 1
8202 1
8200 1
8197 1
8194 1
8193 1
8190 1
8189 1
8188 1
8187 1
8186 1
8185 1
8184 1
8179 1
8178 1
8177 1
8176 1
8175 1
8174 1
8173 1
8172 1
8169 1
8168 1
8167 1
8166 1
8163 1
8161 1
8160 1
8159 1
8158 1
8156 1
8155 1
8153 1
8152 1
8151 1
8150 1
8147 1
8142 1
8141 1
8140 1
8138 1
8137 1
8134 1
8130 1
8128 1
8125 1
8122 1
8121 1
8118 1
8116 1
8112 1
8109 1
8108 1
8105 1
8104 1
8103 1
8102 1
8100 1
8098 1
8097 1
8096 1
8095 1
8093 1
8092 1
8090 1
8089 1
8088 1
8086 1
8085 1
8083 1
8082 1
8081 1
8077 1
8076 1
8074 1
8073 1
8072 1
8071 1
8070 1
8069 1
8066 1
8064 1
8063 1
8062 1
8060 1
8057 1
8056 1
8054 1
8053 1
8052 1
8051 1
8049 1
8047 1
8045 1
8044 1
8041 1
8039 1
8038 1
8037 1
8036 1
8035 1
8034 1
8033 1
8031 1
8030 1
8029 1
8028 1
8027 1
8026 1
8025 1
8021 1
8017 1
8012 1
8008 1
8006 1
8005 1
8002 1
8001 1
8000 1
7994 1
7993 1
7990 1
7989 1
7988 1
7987 1
7986 1
7985 1
7983 1
7980 1
7979 1
7976 1
7975 1
7974 1
7970 1
7967 1
7966 1
7965 1
7964 1
7963 1
7962 1
7955 1
7953 1
7952 1
7951 1
7950 1
7947 1
7944 1
7943 1
7942 1
7941 1
7940 1
7937 1
7936 1
7935 1
7934 1
7932 1
7931 1
7930 1
7928 1
7927 1
7924 1
7923 1
7922 1
7921 1
7920 1
7917 1
7916 1
7915 1
7914 1
7913 1
7912 1
7911 1
7908 1
7907 1
7902 1
7901 1
7897 1
7896 1
7894 1
7893 1
7892 1
7891 1
7890 1
7887 1
7886 1
7885 1
7883 1
7882 1
7881 1
7880 1
7878 1
7877 1
7873 1
7872 1
7871 1
7870 1
7868 1
7867 1
7862 1
7860 1
7858 1
7856 1
7854 1
7852 1
7850 1
7849 1
7847 1
7846 1
7844 1
7843 1
7841 1
7839 1
7837 1
7836 1
7834 1
7832 1
7831 1
7829 1
7828 1
7826 1
7823 1
7822 1
7821 1
7819 1
7817 1
7816 1
7815 1
7814 1
7806 1
7805 1
7804 1
7803 1
7802 1
7800 1
7799 1
7793 1
7791 1
7790 1
7789 1
7788 1
7786 1
7785 1
7784 1
7783 1
7782 1
7778 1
7776 1
7775 1
7770 1
7768 1
7765 1
7764 1
7760 1
7756 1
7752 1
7751 1
7748 1
7746 1
7745 1
7743 1
7740 1
7739 1
7738 1
7736 1
7733 1
7732 1
7727 1
7726 1
7724 1
7722 1
7721 1
7719 1
7713 1
7711 1
7708 1
7707 1
7705 1
7704 1
7700 1
7695 1
7694 1
7693 1
7690 1
7687 1
7686 1
7685 1
7684 1
7683 1
7682 1
7680 1
7679 1
7678 1
7677 1
7676 1
7675 1
7672 1
7670 1
7665 1
7662 1
7659 1
7654 1
7653 1
7652 1
7649 1
7647 1
7646 1
7644 1
7640 1
7639 1
7638 1
7635 1
7631 1
7630 1
7626 1
7624 1
7623 1
7622 1
7621 1
7619 1
7618 1
7615 1
7613 1
7611 1
7610 1
7609 1
7608 1
7606 1
7601 1
7600 1
7598 1
7596 1
7595 1
7594 1
7592 1
7583 1
7582 1
7581 1
7573 1
7572 1
7570 1
7568 1
7564 1
7562 1
7561 1
7560 1
7559 1
7558 1
7557 1
7556 1
7555 1
7554 1
7548 1
7547 1
7546 1
7545 1
7542 1
7540 1
7538 1
7533 1
7528 1
7527 1
7526 1
7520 1
7519 1
7518 1
7516 1
7512 1
7511 1
7509 1
7505 1
7504 1
7503 1
7502 1
7498 1
7497 1
7495 1
7494 1
7493 1
7491 1
7490 1
7484 1
7482 1
7481 1
7480 1
7479 1
7478 1
7475 1
7468 1
7467 1
7465 1
7462 1
7459 1
7457 1
7455 1
7452 1
7451 1
7450 1
7446 1
7445 1
7442 1
7440 1
7439 1
7434 1
7433 1
7432 1
7430 1
7429 1
7428 1
7425 1
7423 1
7422 1
7420 1
7416 1
7415 1
7412 1
7411 1
7410 1
7408 1
7398 1
7397 1
7396 1
7395 1
7394 1
7393 1
7392 1
7390 1
7388 1
7387 1
7385 1
7383 1
7381 1
7377 1
7376 1
7373 1
7370 1
7369 1
7368 1
7367 1
7364 1
7363 1
7362 1
7361 1
7360 1
7359 1
7358 1
7351 1
7349 1
7346 1
7345 1
7343 1
7342 1
7337 1
7335 1
7334 1
7331 1
7329 1
7319 1
7318 1
7317 1
7314 1
7311 1
7307 1
7306 1
7302 1
7299 1
7297 1
7296 1
7295 1
7294 1
7292 1
7291 1
7287 1
7281 1
7280 1
7279 1
7278 1
7275 1
7274 1
7273 1
7272 1
7270 1
7269 1
7262 1
7260 1
7258 1
7257 1
7255 1
7254 1
7252 1
7251 1
7250 1
7249 1
7248 1
7247 1
7246 1
7244 1
7241 1
7240 1
7239 1
7238 1
7237 1
7235 1
7230 1
7229 1
7228 1
7227 1
7223 1
7220 1
7218 1
7216 1
7215 1
7213 1
7212 1
7211 1
7210 1
7208 1
7207 1
7206 1
7205 1
7204 1
7203 1
7202 1
7199 1
7198 1
7197 1
7196 1
7194 1
7186 1
7185 1
7184 1
7182 1
7170 1
7169 1
7168 1
7166 1
7162 1
7161 1
7160 1
7159 1
7157 1
7155 1
7151 1
7149 1
7148 1
7147 1
7146 1
7144 1
7142 1
7141 1
7134 1
7131 1
7130 1
7129 1
7128 1
7127 1
7126 1
7125 1
7115 1
7114 1
7113 1
7110 1
7109 1
7105 1
7103 1
7101 1
7100 1
7099 1
7098 1
7097 1
7096 1
7094 1
7089 1
7088 1
7087 1
7081 1
7079 1
7076 1
7073 1
7072 1
7070 1
7069 1
7067 1
7066 1
7063 1
7062 1
7061 1
7059 1
7055 1
7054 1
7053 1
7052 1
7051 1
7050 1
7049 1
7048 1
7043 1
7042 1
7041 1
7040 1
7037 1
7035 1
7034 1
7030 1
7027 1
7020 1
7016 1
7015 1
7014 1
7012 1
7009 1
7006 1
7005 1
7004 1
7001 1
6996 1
6994 1
6988 1
6986 1
6983 1
6977 1
6976 1
6974 1
6973 1
6969 1
6963 1
6962 1
6958 1
6957 1
6955 1
6953 1
6951 1
6950 1
6948 1
6946 1
6944 1
6943 1
6941 1
6939 1
6937 1
6935 1
6932 1
6930 1
6929 1
6928 1
6927 1
6926 1
6925 1
6924 1
6923 1
6922 1
6921 1
6920 1
6911 1
6910 1
6906 1
6905 1
6902 1
6901 1
6899 1
6898 1
6897 1
6896 1
6891 1
6890 1
6889 1
6886 1
6884 1
6882 1
6880 1
6878 1
6877 1
6876 1
6872 1
6871 1
6869 1
6867 1
6866 1
6865 1
6864 1
6861 1
6860 1
6858 1
6857 1
6856 1
6854 1
6852 1
6851 1
6850 1
6848 1
6847 1
6846 1
6842 1
6841 1
6839 1
6837 1
6834 1
6833 1
6830 1
6829 1
6828 1
6827 1
6826 1
6824 1
6820 1
6813 1
6806 1
6804 1
6803 1
6800 1
6798 1
6797 1
6796 1
6794 1
6790 1
6787 1
6786 1
6785 1
6784 1
6781 1
6779 1
6777 1
6775 1
6774 1
6773 1
6768 1
6767 1
6765 1
6764 1
6762 1
6760 1
6759 1
6756 1
6755 1
6754 1
6749 1
6748 1
6746 1
6745 1
6744 1
6743 1
6740 1
6738 1
6737 1
6736 1
6733 1
6732 1
6731 1
6727 1
6726 1
6724 1
6721 1
6718 1
6712 1
6711 1
6710 1
6709 1
6708 1
6705 1
6704 1
6702 1
6697 1
6695 1
6693 1
6691 1
6690 1
6689 1
6686 1
6683 1
6682 1
6681 1
6680 1
6679 1
6674 1
6673 1
6672 1
6671 1
6669 1
6665 1
6664 1
6659 1
6655 1
6648 1
6643 1
6639 1
6638 1
6628 1
6626 1
6618 1
6617 1
6610 1
6607 1
6606 1
6605 1
6604 1
6598 1
6596 1
6592 1
6591 1
6590 1
6589 1
6585 1
6584 1
6583 1
6581 1
6580 1
6579 1
6578 1
6572 1
6570 1
6569 1
6568 1
6565 1
6563 1
6561 1
6557 1
6553 1
6550 1
6546 1
6540 1
6538 1
6534 1
6531 1
6530 1
6526 1
6522 1
6520 1
6517 1
6513 1
6512 1
6511 1
6509 1
6503 1
6500 1
6493 1
6491 1
6489 1
6488 1
6487 1
6486 1
6483 1
6481 1
6480 1
6475 1
6474 1
6473 1
6467 1
6459 1
6457 1
6456 1
6455 1
6454 1
6452 1
6445 1
6444 1
6443 1
6442 1
6441 1
6439 1
6438 1
6435 1
6429 1
6420 1
6403 1
6402 1
6398 1
6393 1
6392 1
6391 1
6389 1
6388 1
6387 1
6386 1
6370 1
6364 1
6359 1
6358 1
6357 1
6352 1
6351 1
6350 1
6348 1
6346 1
6345 1
6343 1
6342 1
6340 1
6337 1
6336 1
6329 1
6327 1
6320 1
6313 1
6311 1
6309 1
6308 1
6307 1
6302 1
6301 1
6299 1
6298 1
6295 1
6293 1
6292 1
6291 1
6290 1
6285 1
6284 1
6282 1
6280 1
6278 1
6276 1
6275 1
6272 1
6271 1
6270 1
6267 1
6266 1
6263 1
6256 1
6255 1
6254 1
6253 1
6252 1
6249 1
6248 1
6247 1
6245 1
6242 1
6241 1
6240 1
6233 1
6228 1
6227 1
6219 1
6214 1
6210 1
6209 1
6203 1
6200 1
6195 1
6194 1
6189 1
6188 1
6185 1
6182 1
6178 1
6176 1
6174 1
6173 1
6171 1
6170 1
6169 1
6168 1
6166 1
6165 1
6164 1
6161 1
6158 1
6156 1
6155 1
6154 1
6153 1
6149 1
6148 1
6146 1
6143 1
6142 1
6140 1
6139 1
6137 1
6134 1
6129 1
6126 1
6118 1
6112 1
6110 1
6107 1
6106 1
6104 1
6103 1
6101 1
6100 1
6095 1
6094 1
6090 1
6084 1
6083 1
6072 1
6071 1
6070 1
6069 1
6068 1
6067 1
6064 1
6063 1
6056 1
6053 1
6052 1
6051 1
6050 1
6048 1
6047 1
6045 1
6043 1
6042 1
6041 1
6039 1
6034 1
6033 1
6030 1
6029 1
6026 1
6022 1
6016 1
6015 1
6013 1
6012 1
6007 1
6006 1
6003 1
6002 1
6000 1
5999 1
5998 1
5997 1
5996 1
5993 1
5991 1
5987 1
5985 1
5984 1
5979 1
5970 1
5969 1
5967 1
5966 1
5964 1
5958 1
5954 1
5952 1
5951 1
5950 1
5944 1
5942 1
5938 1
5937 1
5930 1
5929 1
5923 1
5921 1
5913 1
5912 1
5909 1
5908 1
5907 1
5904 1
5903 1
5901 1
5894 1
5890 1
5888 1
5885 1
5884 1
5883 1
5881 1
5880 1
5879 1
5878 1
5877 1
5874 1
5873 1
5869 1
5867 1
5865 1
5864 1
5863 1
5861 1
5859 1
5855 1
5852 1
5850 1
5849 1
5847 1
5846 1
5844 1
5843 1
5842 1
5832 1
5829 1
5827 1
5825 1
5824 1
5820 1
5815 1
5807 1
5804 1
5798 1
5796 1
5793 1
5792 1
5790 1
5785 1
5784 1
5782 1
5781 1
5780 1
5778 1
5776 1
5775 1
5769 1
5763 1
5762 1
5761 1
5759 1
5758 1
5755 1
5754 1
5752 1
5749 1
5748 1
5743 1
5741 1
5740 1
5736 1
5735 1
5729 1
5727 1
5725 1
5723 1
5719 1
5718 1
5708 1
5705 1
5703 1
5702 1
5699 1
5697 1
5694 1
5693 1
5691 1
5690 1
5689 1
5688 1
5686 1
5680 1
5678 1
5676 1
5674 1
5672 1
5670 1
5665 1
5659 1
5657 1
5656 1
5654 1
5652 1
5647 1
5644 1
5642 1
5641 1
5640 1
5632 1
5625 1
5616 1
5615 1
5614 1
5609 1
5608 1
5604 1
5599 1
5598 1
5592 1
5591 1
5589 1
5583 1
5582 1
5581 1
5577 1
5576 1
5575 1
5574 1
5572 1
5571 1
5565 1
5563 1
5559 1
5552 1
5551 1
5544 1
5543 1
5541 1
5537 1
5534 1
5526 1
5522 1
5521 1
5519 1
5518 1
5517 1
5515 1
5514 1
5513 1
5511 1
5510 1
5508 1
5507 1
5506 1
5505 1
5503 1
5502 1
5500 1
5493 1
5492 1
5491 1
5489 1
5476 1
5471 1
5470 1
5466 1
5465 1
5462 1
5461 1
5456 1
5453 1
5452 1
5450 1
5449 1
5447 1
5446 1
5444 1
5443 1
5431 1
5430 1
5421 1
5420 1
5415 1
5414 1
5412 1
5411 1
5410 1
5407 1
5401 1
5399 1
5398 1
5397 1
5395 1
5393 1
5384 1
5381 1
5380 1
5379 1
5376 1
5374 1
5372 1
5369 1
5364 1
5360 1
5358 1
5357 1
5356 1
5355 1
5346 1
5345 1
5343 1
5341 1
5339 1
5335 1
5333 1
5332 1
5331 1
5330 1
5329 1
5322 1
5320 1
5316 1
5313 1
5309 1
5307 1
5304 1
5303 1
5302 1
5297 1
5295 1
5294 1
5293 1
5291 1
5289 1
5282 1
5277 1
5272 1
5271 1
5267 1
5260 1
5258 1
5257 1
5256 1
5255 1
5254 1
5253 1
5246 1
5244 1
5240 1
5237 1
5232 1
5230 1
5228 1
5227 1
5225 1
5222 1
5220 1
5217 1
5216 1
5215 1
5212 1
5211 1
5209 1
5208 1
5205 1
5202 1
5198 1
5197 1
5196 1
5186 1
5183 1
5181 1
5180 1
5178 1
5170 1
5166 1
5163 1
5159 1
5158 1
5157 1
5155 1
5150 1
5148 1
5146 1
5145 1
5144 1
5143 1
5142 1
5136 1
5134 1
5132 1
5130 1
5125 1
5124 1
5120 1
5118 1
5116 1
5114 1
5113 1
5112 1
5111 1
5105 1
5103 1
5102 1
5076 1
5073 1
5070 1
5068 1
5067 1
5066 1
5065 1
5063 1
5061 1
5055 1
5054 1
5053 1
5050 1
5048 1
5046 1
5045 1
5039 1
5035 1
5032 1
5024 1
5022 1
5019 1
5013 1
5005 1
5004 1
5002 1
5001 1
5000 1
4999 1
4997 1
4995 1
4985 1
4983 1
4982 1
4979 1
4978 1
4974 1
4968 1
4967 1
4964 1
4962 1
4961 1
4957 1
4956 1
4944 1
4943 1
4942 1
4937 1
4935 1
4930 1
4929 1
4928 1
4927 1
4926 1
4925 1
4923 1
4922 1
4920 1
4918 1
4916 1
4915 1
4908 1
4906 1
4904 1
4901 1
4897 1
4896 1
4887 1
4886 1
4884 1
4876 1
4869 1
4866 1
4864 1
4862 1
4860 1
4858 1
4857 1
4854 1
4852 1
4850 1
4842 1
4833 1
4825 1
4817 1
4815 1
4814 1
4813 1
4812 1
4811 1
4810 1
4809 1
4807 1
4806 1
4805 1
4803 1
4802 1
4801 1
4800 1
4798 1
4791 1
4790 1
4789 1
4788 1
4787 1
4785 1
4780 1
4779 1
4778 1
4776 1
4775 1
4771 1
4770 1
4768 1
4767 1
4765 1
4761 1
4759 1
4758 1
4754 1
4751 1
4750 1
4741 1
4737 1
4735 1
4734 1
4721 1
4715 1
4713 1
4711 1
4708 1
4705 1
4704 1
4695 1
4684 1
4678 1
4673 1
4667 1
4652 1
4651 1
4648 1
4645 1
4644 1
4642 1
4639 1
4636 1
4635 1
4634 1
4631 1
4628 1
4627 1
4626 1
4622 1
4621 1
4615 1
4614 1
4605 1
4601 1
4596 1
4595 1
4592 1
4591 1
4590 1
4583 1
4582 1
4580 1
4570 1
4568 1
4567 1
4560 1
4559 1
4558 1
4552 1
4549 1
4529 1
4528 1
4525 1
4522 1
4520 1
4513 1
4512 1
4508 1
4507 1
4504 1
4500 1
4494 1
4492 1
4491 1
4489 1
4487 1
4470 1
4465 1
4463 1
4462 1
4449 1
4448 1
4443 1
4441 1
4440 1
4438 1
4429 1
4427 1
4425 1
4422 1
4416 1
4414 1
4413 1
4411 1
4405 1
4402 1
4399 1
4396 1
4381 1
4379 1
4378 1
4376 1
4374 1
4373 1
4372 1
4370 1
4369 1
4366 1
4365 1
4363 1
4362 1
4360 1
4357 1
4355 1
4352 1
4351 1
4350 1
4348 1
4339 1
4336 1
4335 1
4334 1
4333 1
4329 1
4324 1
4321 1
4320 1
4317 1
4308 1
4294 1
4291 1
4282 1
4277 1
4275 1
4273 1
4271 1
4269 1
4268 1
4266 1
4261 1
4260 1
4259 1
4258 1
4256 1
4254 1
4253 1
4251 1
4250 1
4249 1
4238 1
4237 1
4236 1
4234 1
4232 1
4231 1
4229 1
4226 1
4225 1
4221 1
4219 1
4218 1
4198 1
4197 1
4192 1
4191 1
4190 1
4188 1
4181 1
4172 1
4171 1
4165 1
4163 1
4160 1
4159 1
4158 1
4155 1
4153 1
4151 1
4144 1
4136 1
4135 1
4131 1
4128 1
4124 1
4123 1
4120 1
4107 1
4106 1
4105 1
4103 1
4095 1
4093 1
4084 1
4080 1
4079 1
4074 1
4073 1
4072 1
4070 1
4062 1
4061 1
4060 1
4059 1
4057 1
4056 1
4055 1
4052 1
4051 1
4049 1
4048 1
4038 1
4035 1
4032 1
4030 1
4029 1
4028 1
4019 1
4018 1
4017 1
4016 1
4014 1
4012 1
4010 1
4003 1
4001 1
3997 1
3996 1
3993 1
3982 1
3971 1
3969 1
3967 1
3966 1
3956 1
3954 1
3953 1
3949 1
3938 1
3929 1
3928 1
3924 1
3922 1
3921 1
3919 1
3917 1
3916 1
3914 1
3911 1
3910 1
3909 1
3907 1
3906 1
3901 1
3899 1
3898 1
3896 1
3894 1
3892 1
3889 1
3887 1
3881 1
3880 1
3879 1
3877 1
3873 1
3869 1
3866 1
3858 1
3856 1
3855 1
3851 1
3847 1
3846 1
3843 1
3842 1
3841 1
3840 1
3839 1
3838 1
3832 1
3831 1
3830 1
3828 1
3822 1
3818 1
3815 1
3813 1
3805 1
3799 1
3797 1
3795 1
3794 1
3792 1
3790 1
3788 1
3787 1
3785 1
3775 1
3770 1
3769 1
3768 1
3763 1
3761 1
3758 1
3741 1
3732 1
3729 1
3726 1
3725 1
3723 1
3722 1
3721 1
3714 1
3713 1
3708 1
3704 1
3701 1
3699 1
3697 1
3693 1
3688 1
3687 1
3686 1
3684 1
3683 1
3675 1
3670 1
3659 1
3658 1
3657 1
3652 1
3651 1
3650 1
3649 1
3648 1
3647 1
3646 1
3645 1
3644 1
3642 1
3639 1
3636 1
3634 1
3628 1
3615 1
3613 1
3611 1
3610 1
3605 1
3601 1
3599 1
3594 1
3592 1
3591 1
3590 1
3589 1
3588 1
3586 1
3569 1
3567 1
3566 1
3564 1
3562 1
3558 1
3557 1
3556 1
3546 1
3545 1
3543 1
3542 1
3538 1
3537 1
3535 1
3530 1
3529 1
3526 1
3515 1
3506 1
3502 1
3498 1
3497 1
3475 1
3470 1
3468 1
3461 1
3458 1
3457 1
3456 1
3453 1
3449 1
3442 1
3425 1
3424 1
3420 1
3416 1
3415 1
3412 1
3400 1
3397 1
3395 1
3390 1
3388 1
3384 1
3380 1
3374 1
3373 1
3372 1
3371 1
3369 1
3368 1
3367 1
3365 1
3362 1
3359 1
3355 1
3349 1
3340 1
3336 1
3334 1
3324 1
3316 1
3314 1
3312 1
3311 1
3308 1
3305 1
3300 1
3295 1
3294 1
3292 1
3288 1
3285 1
3272 1
3271 1
3270 1
3266 1
3258 1
3253 1
3250 1
3246 1
3244 1
3243 1
3241 1
3239 1
3238 1
3236 1
3232 1
3225 1
3224 1
3204 1
3203 1
3197 1
3189 1
3187 1
3169 1
3165 1
3164 1
3163 1
3161 1
3160 1
3157 1
3149 1
3148 1
3145 1
3144 1
3142 1
3130 1
3119 1
3112 1
3110 1
3104 1
3100 1
3092 1
3090 1
3085 1
3084 1
3078 1
3071 1
3068 1
3066 1
3064 1
3060 1
3059 1
3058 1
3057 1
3051 1
3047 1
3038 1
3031 1
3029 1
3023 1
3017 1
3012 1
3010 1
3009 1
3006 1
3004 1
3000 1
2998 1
2995 1
2992 1
2985 1
2984 1
2983 1
2966 1
2964 1
2962 1
2958 1
2957 1
2950 1
2948 1
2945 1
2922 1
2921 1
2910 1
2909 1
2908 1
2902 1
2885 1
2884 1
2881 1
2880 1
2876 1
2874 1
2869 1
2866 1
2865 1
2862 1
2851 1
2848 1
2846 1
2844 1
2840 1
2834 1
2832 1
2830 1
2829 1
2828 1
2826 1
2824 1
2823 1
2816 1
2813 1
2811 1
2808 1
2807 1
2806 1
2801 1
2800 1
2797 1
2796 1
2795 1
2793 1
2789 1
2787 1
2784 1
2783 1
2782 1
2781 1
2780 1
2779 1
2777 1
2767 1
2762 1
2758 1
2756 1
2735 1
2728 1
2725 1
2723 1
2710 1
2709 1
2707 1
2703 1
2702 1
2697 1
2694 1
2686 1
2682 1
2681 1
2675 1
2674 1
2673 1
2664 1
2661 1
2659 1
2658 1
2655 1
2654 1
2644 1
2635 1
2633 1
2631 1
2627 1
2619 1
2609 1
2605 1
2601 1
2590 1
2587 1
2585 1
2581 1
2559 1
2555 1
2553 1
2537 1
2530 1
2527 1
2520 1
2506 1
2498 1
2483 1
2475 1
2472 1
2471 1
2467 1
2466 1
2462 1
2460 1
2459 1
2456 1
2455 1
2451 1
2449 1
2443 1
2436 1
2435 1
2414 1
2412 1
2410 1
2409 1
2404 1
2402 1
2397 1
2391 1
2385 1
2383 1
2380 1
2377 1
2375 1
2371 1
2369 1
2353 1
2352 1
2350 1
2348 1
2347 1
2345 1
2334 1
2328 1
2318 1
2308 1
2306 1
2301 1
2292 1
2290 1
2284 1
2282 1
2281 1
2280 1
2263 1
2256 1
2253 1
2246 1
2244 1
2237 1
2230 1
2228 1
2225 1
2217 1
2213 1
2211 1
2209 1
2202 1
2198 1
2191 1
2189 1
2187 1
2186 1
2163 1
2159 1
2149 1
2138 1
2119 1
2113 1
2107 1
2104 1
2102 1
2099 1
2098 1
2094 1
2093 1
2086 1
2083 1
2082 1
2077 1
2076 1
2074 1
2068 1
2066 1
2053 1
2052 1
2050 1
2017 1
2010 1
2006 1
1979 1
1976 1
1973 1
1972 1
1971 1
1969 1
1968 1
1966 1
1932 1
1923 1
1912 1
1901 1
1899 1
1897 1
1896 1
1895 1
1894 1
1880 1
1877 1
1872 1
1871 1
1868 1
1867 1
1862 1
1861 1
1857 1
1833 1
1831 1
1829 1
1815 1
1814 1
1810 1
1797 1
1796 1
1792 1
1790 1
1786 1
1784 1
1782 1
1741 1
1725 1
1721 1
1709 1
1697 1
1695 1
1693 1
1691 1
1683 1
1675 1
1674 1
1672 1
1663 1
1661 1
1658 1
1652 1
1647 1
1622 1
1614 1
1603 1
1592 1
1570 1
1560 1
1559 1
1518 1
1508 1
1505 1
1503 1
1501 1
1494 1
1486 1
1456 1
1450 1
1434 1
1432 1
1430 1
1426 1
1418 1
1416 1
1381 1
1380 1
1379 1
1378 1
1377 1
1375 1
1373 1
1372 1
1362 1
1361 1
1353 1
1351 1
1350 1
1345 1
1341 1
1332 1
1330 1
1329 1
1328 1
1298 1
1273 1
1263 1
1262 1
1261 1
1260 1
1256 1
1254 1
1243 1
1221 1
1219 1
1205 1
1200 1
1198 1
1197 1
1194 1
1190 1
1184 1
1172 1
1170 1
1168 1
1149 1
1141 1
1123 1
1119 1
1114 1
1108 1
1107 1
1097 1
1095 1
1093 1
1086 1
1075 1
1073 1
1065 1
1063 1
1062 1
1061 1
1057 1
1055 1
1050 1
1048 1
1042 1
1041 1
1037 1
1036 1
1032 1
1031 1
1030 1
1026 1
1024 1
1021 1
1019 1
1006 1
1004 1
1002 1
1000 1
995 1
992 1
991 1
990 1
983 1
978 1
977 1
976 1
975 1
972 1
970 1
961 1
959 1
952 1
948 1
946 1
939 1
938 1
933 1
929 1
928 1
926 1
924 1
917 1
915 1
913 1
911 1
895 1
893 1
892 1
883 1
879 1
874 1
873 1
872 1
871 1
859 1
858 1
857 1
856 1
850 1
849 1
847 1
845 1
843 1
841 1
840 1
838 1
827 1
825 1
823 1
822 1
821 1
814 1
809 1
808 1
806 1
803 1
800 1
792 1
790 1
789 1
765 1
745 1
742 1
737 1
728 1
722 1
719 1
710 1
699 1
694 1
692 1
689 1
687 1
686 1
685 1
684 1
683 1
680 1
679 1
675 1
670 1
668 1
662 1
658 1
651 1
647 1
644 1
642 1
641 1
640 1
620 1
615 1
614 1
611 1
606 1
605 1
591 1
589 1
587 1
573 1
568 1
558 1
557 1
555 1
542 1
532 1
519 1
515 1
509 1
508 1
503 1
501 1
497 1
494 1
481 1
472 1
464 1
462 1
460 1
458 1
457 1
435 1
430 1
425 1
421 1
416 1
415 1
414 1
406 1
404 1
402 1
396 1
389 1
384 1
382 1
374 1
373 1
371 1
365 1
363 1
362 1
358 1
349 1
346 1
345 1
342 1
340 1
334 1
329 1
327 1
325 1
305 1
302 1
299 1
297 1
295 1
293 1
291 1
289 1
284 1
282 1
279 1
277 1
275 1
272 1
269 1
266 1
264 1
263 1
262 1
258 1
256 1
247 1
244 1
241 1
237 1
232 1
201 1
198 1
193 1
190 1
189 1
185 1
183 1
182 1
181 1
175 1
173 1
162 1
160 1
158 1
156 1
154 1
153 1
148 1
147 1
146 1
102 1
98 1
89 1
86 1
77 1
76 1
67 1
66 1
54 1
51 1
44 1
40 1
21 1
19 1
1 1
