5210 88
4802 88
4637 88
4272 88
4177 88
3820 88
3788 88
3158 88
2523 88
2263 88
2055 88
1468 88
1439 88
1320 88
1087 88
772 88
499 88
456 88
272 88
6041 88
4571 88
3942 88
2480 88
1855 88
1316 88
964 88
845 88
774 88
548 88
544 88
473 88
386 88
5512 88
4072 88
2997 88
2645 88
2492 88
2454 88
815 88
365 88
5940 88
4929 88
3996 88
3967 88
3257 88
2740 88
2132 88
1900 88
708 88
703 88
72 88
4986 88
4121 88
4073 88
3181 88
3128 88
1844 88
1342 88
455 88
4808 88
37 88
4490 88
2848 88
2606 88
1641 88
398 88
3761 88
3156 88
2489 88
6128 88
1862 88
3930 88
2921 88
4279 88
1909 88
1388 88
425 88
140 88
241 88
61 88
4371 88
3426 88
2206 88
1295 88
1004 88
387 88
492 88
4214 88
3916 88
751 88
5068 88
3226 88
5541 88
501 88
1745 88
1674 88
722 88
4886 88
1180 88
742 88
363 88
3840 88
6000 88
2988 88
711 88
65 88
5463 88
3939 88
974 88
664 88
324 88
3068 88
6638 88
2998 88
1990 88
269 88
5562 88
863 88
4358 88
349 88
263 88
2742 88
1650 88
459 88
660 88
2975 88
945 88
4282 88
5331 86
1023 78
6087 78
5220 77
445 77
1857 77
1150 77
1729 77
22 77
2574 77
1375 77
512 77
509 77
944 77
360 77
2796 77
2251 77
1902 77
1288 77
3006 77
1167 77
704 77
3193 77
1758 77
1170 77
541 77
4516 77
1206 77
2895 77
2149 77
1282 77
678 77
1734 77
3460 77
1024 77
702 77
649 77
34 77
1578 77
2652 77
2031 77
1635 77
819 77
7 77
3412 77
3935 77
1621 77
584 77
177 77
4111 77
2281 77
1514 77
635 77
4149 77
1822 77
4394 76
3982 76
4168 76
3855 76
3530 76
712 76
1152 76
5187 76
1953 76
471 75
420 75
3666 75
6300 73
4108 73
5221 73
665 73
1608 73
76 73
1111 73
80 73
941 73
14 73
1251 73
1067 73
679 73
412 73
1898 73
2354 73
2550 73
741 73
1493 73
2415 73
803 73
4795 73
2714 73
2117 73
1586 73
1207 73
2242 73
779 73
2518 73
2911 73
2048 73
1472 73
1210 73
301 73
4078 73
3271 73
1981 73
19 73
3296 73
1660 73
1371 73
620 73
5885 73
3795 73
950 73
2035 73
4260 72
58 72
1920 72
716 72
300 72
900 72
6876 71
5485 69
1779 68
4881 68
928 68
491 68
5494 68
2824 68
5921 68
6922 67
3076 67
495 67
5130 67
794 66
3635 66
2327 64
671 63
1565 63
1776 62
2403 60
632 59
1637 59
3310 59
1341 59
482 59
3092 59
5722 59
710 59
684 59
2621 59
446 59
3767 59
3003 58
2040 58
4472 57
3872 57
461 57
113 56
811 56
1059 56
5178 56
452 56
267 56
788 55
1048 55
5817 55
3 55
631 54
3152 54
1474 54
3388 54
2002 53
5383 51
1189 51
1955 51
114 51
6507 50
5470 50
5789 50
768 50
592 50
1845 49
6991 48
6942 48
3575 47
1085 46
2589 46
123 46
49 46
2210 46
2182 46
1187 46
1080 46
506 46
3724 46
2237 46
998 46
485 46
4340 46
1133 46
3113 46
902 46
468 46
6376 46
5442 46
5396 46
4806 46
1147 46
4838 46
3058 46
1710 46
3256 46
2042 46
422 46
4181 46
4136 46
2875 46
5288 46
764 46
6766 46
5251 46
3602 46
1832 46
2679 46
1294 46
838 46
1488 46
5432 46
4933 46
2516 46
4772 46
1440 45
4231 45
1257 44
1771 44
1310 44
1571 44
939 44
1516 44
5697 44
4654 44
1598 44
2264 44
2201 44
6684 43
1943 43
5902 43
2661 43
1672 43
2245 42
351 42
1757 42
2292 42
6206 42
4342 42
577 42
1261 42
2664 42
1969 42
6912 42
5640 42
806 42
487 42
5510 42
1055 41
2805 41
4144 41
4336 41
5298 41
204 41
5788 41
3783 41
3973 41
1664 41
4196 41
1513 41
1263 41
4768 41
5327 41
4676 41
1928 41
4227 41
1078 41
2295 41
6236 41
5054 41
6504 41
395 41
2240 40
688 40
5348 40
7022 40
1075 39
5900 39
2193 39
668 39
2989 39
565 39
2960 39
2972 38
2497 38
1948 38
2585 37
3064 37
2936 37
1420 36
3640 36
238 36
2155 36
876 36
1145 36
982 36
3015 36
1166 36
3290 36
2409 36
3116 35
514 35
1158 35
4082 35
1693 35
1112 35
1028 35
1008 35
3452 35
5585 35
3621 35
6049 35
1177 34
825 34
460 34
402 34
178 34
464 34
181 34
388 34
3317 34
2613 34
3717 34
3604 34
547 34
5 34
518 34
7184 34
1566 34
3735 34
1140 34
3215 34
2854 34
2684 34
2547 34
691 34
182 34
4706 34
4587 34
3111 34
1883 34
1620 34
754 34
1929 34
6656 34
6320 34
4819 34
3377 34
5680 34
3707 34
2667 34
2640 34
436 34
121 34
3799 34
2967 34
6543 34
4535 34
2725 34
307 34
600 34
3243 34
1659 34
1543 33
2528 33
2495 33
2401 33
406 33
369 33
676 33
475 33
1467 33
1687 33
1544 33
778 33
3545 33
2419 33
1692 33
762 33
3147 33
978 33
73 33
1740 33
720 33
397 33
2198 33
1698 33
4853 33
2344 33
2406 33
2384 33
1748 33
1077 33
580 33
1817 33
2471 33
3354 33
2896 33
563 33
2883 33
6865 33
5215 33
4 33
6105 33
2985 33
1289 33
1645 33
6193 33
6845 33
1300 33
832 33
3663 33
574 33
4786 33
2910 33
1125 33
2111 33
802 32
336 32
1408 32
730 32
4909 32
1584 32
479 32
310 32
6127 32
654 32
2336 32
2368 32
2879 32
765 31
3240 31
296 31
141 31
3071 31
3045 31
2651 31
1860 31
1793 31
5750 31
3479 31
3054 31
2390 31
1478 31
683 31
273 31
5578 31
5306 31
5143 31
4845 31
1636 31
752 31
692 31
489 31
5265 31
3770 31
2203 31
727 31
5978 31
1327 31
3223 31
812 30
6397 30
477 30
2506 30
79 30
505 30
3836 30
3560 29
5164 29
5525 29
6358 29
910 29
4617 29
6564 29
783 29
6643 29
428 29
3716 29
2338 29
5675 29
3614 29
1993 28
119 28
15 28
989 28
2068 28
4351 28
4486 28
1489 28
4902 28
1560 28
5286 28
1887 28
5687 28
3745 28
813 28
6449 28
327 28
500 28
3741 28
2995 28
400 28
6460 28
256 27
1211 27
89 27
1515 27
2801 27
1040 27
3117 27
5759 27
5484 27
5040 27
4663 27
6266 27
317 27
5564 27
1407 27
5837 27
5674 27
545 26
2033 26
955 26
2129 26
399 26
7200 26
1702 26
2837 26
1877 26
981 26
877 26
2171 26
2088 26
5867 26
2187 26
4187 26
1346 26
1633 26
3739 26
976 25
2857 25
2745 25
1497 25
3477 25
2701 25
1003 25
3501 25
721 25
6789 25
3711 25
6491 25
5961 25
2025 25
669 25
2950 25
931 24
775 24
1148 24
892 24
274 24
1141 24
883 24
268 24
1746 24
1298 24
1208 24
835 24
618 24
367 24
315 24
2786 24
995 24
879 24
2849 24
1463 24
1015 24
740 24
298 24
1050 24
604 24
1364 24
1349 24
979 24
328 24
1675 24
1503 24
375 24
2576 24
1096 24
3920 24
2320 24
3478 24
1088 24
4979 24
3214 24
1823 24
292 24
245 24
3329 24
2597 24
180 24
3308 24
5785 24
1417 24
5376 24
1983 24
5361 24
1279 24
5511 24
5887 24
432 23
639 23
1179 23
1104 23
1069 23
347 23
4172 23
3187 23
983 23
723 23
588 23
1228 23
2226 23
1810 23
830 23
766 23
472 23
6174 23
1272 23
594 23
6270 23
1755 23
643 23
1961 23
1529 23
670 23
476 23
4884 23
1079 23
4648 23
4914 23
4988 23
1196 23
6045 23
4824 22
3634 22
1878 22
118 22
2074 22
646 22
2000 22
3769 22
3242 22
573 22
409 22
1995 22
949 22
403 22
1512 22
416 22
1491 22
924 22
2116 22
2094 22
1833 22
330 22
2229 22
1405 22
1262 22
1876 22
27 22
3890 22
3075 22
867 22
736 22
270 22
1103 22
4618 22
2024 22
952 22
1105 22
2405 22
383 22
2176 22
1626 22
1252 22
443 22
6523 22
6433 22
7179 22
1935 22
1278 22
4154 22
6345 21
1870 21
1235 21
636 21
2973 21
1677 21
4249 21
341 21
2279 21
991 21
3502 20
5268 20
784 20
3238 20
3676 20
4217 20
2996 20
304 20
3682 20
1504 20
3918 20
6727 20
1218 20
1553 20
1695 20
817 20
156 20
2860 20
930 20
139 20
6872 20
3669 20
5918 20
1917 20
2944 20
5711 19
2254 19
2905 19
4194 19
5397 19
11 19
6011 19
1506 19
3859 19
344 19
2717 19
967 19
1949 19
909 19
1464 19
481 19
963 19
35 19
3309 18
4861 18
3386 18
2594 18
511 18
4457 18
1374 18
2464 18
2355 18
396 18
4769 18
4118 18
1982 18
926 18
681 18
2315 18
853 18
5970 18
2829 18
6383 18
1220 18
5314 18
1789 18
2459 18
3619 18
6756 18
4383 17
259 17
5429 17
2144 17
655 17
2525 17
3692 17
3504 17
884 17
1896 17
770 17
4106 17
3497 17
1016 17
843 17
4013 17
2065 17
1041 17
891 17
1010 17
700 17
3886 17
1508 17
1307 17
6741 17
3839 17
2095 17
4051 17
1997 17
1284 17
713 17
5689 17
693 17
1183 17
1292 17
6277 17
999 16
3818 16
3539 16
2531 16
2364 16
1798 16
1120 16
4112 16
3829 16
689 16
2113 16
1271 16
3087 16
2676 16
2260 16
1527 16
2028 16
818 16
7105 16
5318 16
4934 16
2252 16
305 16
3248 16
690 16
590 16
2656 16
1354 16
1977 16
2337 16
5122 16
126 16
4065 16
1684 16
2378 16
2119 16
1967 16
1427 16
12 16
129 16
2069 16
3825 16
6318 16
3253 16
696 16
2962 16
2748 15
5409 15
3897 15
2953 15
1617 15
602 15
1143 15
3817 15
6510 15
2154 15
1738 15
4910 15
4666 15
861 15
3774 15
828 15
7221 15
4611 15
2444 15
1628 15
3082 15
760 15
359 15
1572 15
4523 15
1959 15
1128 15
7278 15
4579 15
1190 15
2809 15
5699 15
3119 15
1600 15
593 15
1123 14
4095 14
1868 14
2586 14
1630 14
1139 14
1708 14
3949 14
1853 14
5804 14
6145 14
629 14
2907 14
6907 14
1169 14
138 14
3038 14
2491 14
2775 14
3028 14
4765 14
6154 14
3679 14
1219 13
882 13
614 13
303 13
137 13
3771 13
1588 13
4324 13
4030 13
1996 13
1495 13
146 13
2544 13
1952 13
1895 13
346 13
1685 13
2912 13
2677 13
515 13
1557 13
1410 13
2058 13
3208 13
5955 13
6646 13
1360 13
332 13
1044 13
480 13
2769 13
1552 13
130 13
5086 13
1380 13
2915 13
2156 13
3090 13
940 13
4087 13
1623 13
652 13
7476 13
1567 13
1414 13
2563 13
6875 13
2412 13
1064 13
5971 13
6379 13
6139 13
1367 12
1486 12
342 12
252 12
67 12
2618 12
719 12
2917 12
576 12
6941 12
1839 12
1534 12
1362 12
2810 12
2392 12
3227 12
3284 12
763 12
1741 12
1356 12
4757 12
6299 12
4868 12
697 12
2521 12
1536 12
6757 12
785 12
36 11
3977 11
110 11
2726 11
87 11
24 11
3738 11
3564 11
1490 11
855 11
814 11
187 11
434 11
478 11
5720 11
4643 11
786 11
5639 11
5224 11
894 11
142 11
3084 11
7106 11
435 11
3625 11
881 11
3553 11
1471 11
1721 11
2625 11
977 11
483 11
5932 11
893 11
2779 11
2566 11
3945 11
3636 11
2901 11
2447 11
5082 11
2442 11
2115 11
6934 11
4264 11
1226 11
1395 10
1724 10
439 10
5665 10
1365 10
255 10
3507 10
419 10
352 10
5603 10
1047 10
2882 10
2196 10
333 10
247 10
4222 10
7122 10
1459 10
627 10
4952 10
4190 10
994 10
219 10
771 10
4572 10
1159 10
5133 10
2380 10
3384 10
2803 10
1905 10
5020 10
1753 10
3863 10
1393 10
1712 10
2723 10
1215 10
715 10
2909 10
701 10
2820 10
1018 10
189 10
2057 10
4414 10
5952 10
2134 10
132 10
2307 10
1624 10
5862 10
1561 10
4234 10
4437 10
1899 10
1819 10
1234 10
1704 9
790 9
2739 9
291 9
1494 9
603 9
3002 9
2174 9
4948 9
1325 9
2806 9
2195 9
1728 9
810 9
1818 9
1453 9
4985 9
805 9
1058 9
677 9
174 9
4890 9
2400 9
4822 9
4627 9
1118 9
78 9
6218 9
1548 9
1000 9
4500 9
447 9
3274 9
1223 9
384 9
673 9
517 9
3555 9
2272 9
733 9
546 9
2541 9
4682 9
5158 9
5106 9
5315 9
2238 9
3498 9
1923 9
4259 8
878 8
1517 8
2504 8
906 8
497 8
3201 8
1942 8
3660 8
875 8
4635 8
2165 8
1583 8
749 8
731 8
839 8
357 8
318 8
550 8
3808 8
3324 8
2839 8
905 8
1246 8
1062 8
966 8
490 8
421 8
946 8
748 8
2293 8
745 8
356 8
641 8
4582 8
961 8
2027 8
3275 8
1455 8
599 8
3541 8
3754 8
862 8
1335 8
1308 8
2932 8
1238 8
3408 8
2211 8
1036 8
249 8
2587 8
3035 8
4225 8
960 8
5041 8
2012 8
922 8
1389 8
4565 8
3163 8
729 8
4429 8
3057 8
362 8
75 8
873 8
758 8
4309 8
2699 8
630 8
4378 8
4067 8
4796 8
6591 8
5081 8
4468 8
122 8
2004 8
880 8
2886 8
1834 8
358 8
3609 8
3948 8
5102 8
1230 8
1273 8
3164 8
3153 8
833 8
111 8
2500 8
3334 8
2840 8
4062 8
3557 8
2619 8
3237 8
951 8
1081 8
3988 8
1063 8
494 8
4305 8
5616 8
5897 8
3937 8
2592 8
253 8
7033 8
846 8
5829 8
988 8
5767 8
186 8
969 8
5826 8
5089 8
4091 8
1720 8
844 8
587 8
376 8
5239 8
5850 8
2598 8
4135 7
2734 7
1250 7
1593 7
1524 7
3291 7
1866 7
1840 7
1403 7
3473 7
1783 7
1448 7
3951 7
1587 7
5559 7
789 7
1820 7
1442 7
2135 7
1422 7
1014 7
3337 7
3184 7
418 7
2261 7
1240 7
3965 7
1482 7
470 7
427 7
4300 7
2339 7
1907 7
4059 7
666 7
4677 7
874 7
2668 7
680 7
1777 7
1749 7
3593 7
1136 7
3289 7
934 7
6558 7
6097 7
5743 7
4058 7
3653 7
3439 7
1960 7
4835 7
847 7
70 7
915 7
1290 7
265 7
5099 7
3543 7
4397 7
1383 7
1950 7
2185 7
2227 7
5083 7
1691 7
1615 7
1747 7
1911 7
1245 7
6232 7
1019 7
5353 7
913 7
6062 7
4156 7
516 7
3249 7
1541 7
1931 7
2225 7
345 7
2177 7
6342 7
6328 7
1286 7
2959 7
3067 7
3464 7
1419 7
1101 7
2696 7
1339 7
2213 7
5367 7
804 7
4698 7
4085 7
2331 7
637 7
4434 7
1863 7
3532 7
6204 7
4271 7
2092 7
3793 7
2949 7
4840 7
2610 7
3352 7
831 7
4552 7
1312 7
2789 7
4855 7
1100 7
5821 7
4331 7
4206 7
5834 7
5928 7
3858 7
1978 7
5544 6
2800 6
4959 6
2943 6
1117 6
4800 6
5027 6
1475 6
1357 6
1314 6
4564 6
3856 6
1690 6
5731 6
1780 6
837 6
911 6
4863 6
3950 6
1146 6
746 6
5560 6
2814 6
1872 6
3079 6
1535 6
718 6
4907 6
2716 6
1462 6
4908 6
1237 6
2054 6
1897 6
1267 6
6367 6
887 6
1082 6
3561 6
3870 6
2071 6
5698 6
1270 6
3734 6
2894 6
3753 6
2422 6
3524 6
1501 6
2859 6
3686 6
2180 6
3122 6
4142 6
1089 6
3974 6
2573 6
4673 6
3850 6
4575 6
2916 6
1192 6
1957 6
4543 6
596 6
192 6
759 6
411 6
1099 6
4847 6
5048 6
5061 6
2188 6
5595 6
5211 6
640 6
2312 6
591 6
4040 6
2692 6
2499 6
2647 6
1391 6
4439 6
3099 6
6212 6
4967 6
5201 6
5513 6
2218 6
3866 6
339 6
948 6
6453 6
2559 6
1785 6
159 6
4656 6
5292 6
1604 6
6525 6
797 6
4003 6
5609 6
3823 6
5421 6
134 6
4411 6
3483 6
8 6
2755 6
4185 6
3114 6
1039 6
338 6
3130 6
2102 6
5540 6
2189 6
4291 6
5951 6
4741 6
4254 6
2121 6
2961 6
698 6
2161 6
5433 6
3024 6
3136 6
1766 6
929 6
634 6
3601 6
5854 6
2564 6
1838 6
2690 6
1707 6
3898 6
3011 6
3710 6
1116 6
2347 6
6572 6
6047 6
2515 6
2175 6
6331 6
5946 6
1381 6
2382 6
1466 6
7474 6
6678 6
5798 6
2868 6
2537 6
2159 6
1904 6
1805 6
1717 6
1449 6
1184 6
3233 6
5483 5
4110 5
1421 5
2942 5
5406 5
4557 5
348 5
5490 5
6992 5
1825 5
4089 5
2878 5
3469 5
3650 5
343 5
1110 5
1266 5
6120 5
3218 5
895 5
3351 5
3089 5
6305 5
1736 5
5285 5
2731 5
1073 5
2599 5
2527 5
2524 5
2704 5
3970 5
5498 5
1416 5
1242 5
3402 5
2737 5
4364 5
4631 5
474 5
2614 5
1071 5
5231 5
2107 5
6503 5
4097 5
2477 5
1084 5
585 5
368 5
5364 5
1663 5
1970 5
2490 5
3032 5
4694 5
2358 5
6421 5
1326 5
5476 5
3747 5
5107 5
5917 5
1436 5
2705 5
3063 5
4783 5
3893 5
4495 5
1199 5
377 5
5748 5
4377 5
275 5
5779 5
1487 5
1248 5
947 5
3044 5
857 5
2122 5
1614 5
2873 5
6108 5
5719 5
1132 5
4134 5
2551 5
5254 5
2022 5
4146 5
4725 5
1718 5
4512 5
1115 5
5909 5
4598 5
3714 5
4209 5
1984 5
2365 5
2017 5
2502 5
4641 5
3019 5
2402 5
4092 5
3144 5
4077 5
1742 5
3755 5
1319 5
3712 5
2387 5
1191 5
5062 5
1011 5
2607 5
5334 5
5659 5
2410 5
3904 5
4712 5
4978 5
923 5
417 5
507 5
2137 5
1642 5
3250 5
133 5
1791 5
1072 5
4381 5
4164 5
1940 5
524 5
42 5
1098 5
1299 5
4713 5
3017 5
2904 5
6978 5
2694 5
4546 5
2232 5
6420 5
4374 5
1673 5
1280 5
3409 5
1303 5
3955 5
2926 5
2332 5
1989 5
3129 5
3135 5
5810 5
6748 5
71 5
3632 5
1285 5
112 5
4791 5
5721 5
4707 5
4157 5
3197 5
5986 5
3372 5
2639 5
2488 5
2503 5
2414 5
4301 5
2984 5
3655 5
2681 5
6478 5
5272 5
1161 5
1287 5
1666 5
918 5
4071 5
1336 5
1625 5
5273 5
1647 5
5337 5
261 5
4220 5
1596 5
549 5
7005 5
6371 5
6113 5
4275 5
6533 5
5223 5
5488 5
6818 5
3990 5
5226 5
1688 5
2708 5
2604 5
4063 5
1049 5
3885 5
3482 5
3447 5
1932 5
4339 5
7419 5
1652 5
1384 5
747 5
2157 5
3509 5
2754 5
1445 5
3124 5
4141 5
4470 5
3047 5
3958 5
1306 5
5678 5
1387 5
7004 5
4278 5
2451 5
1894 5
2207 5
1889 5
2816 5
3905 5
6843 5
4754 5
1418 5
1788 5
7051 5
3664 5
5710 5
4197 5
382 5
381 5
380 5
379 5
378 5
6933 5
5836 5
6530 5
3674 5
3576 5
2067 5
2396 5
5552 5
5242 5
6029 5
6078 5
5828 5
5509 5
795 5
437 5
2812 5
737 5
5734 5
4462 5
248 5
1627 5
4708 5
2821 5
1083 5
4731 5
5121 5
686 5
6927 5
4045 5
3286 5
4726 5
2825 5
90 5
5430 5
5197 5
4805 5
4083 5
4052 5
3381 5
2946 5
2301 5
1253 5
5703 5
3325 5
3279 5
1892 5
4360 5
2794 5
2125 5
2084 5
1849 5
1696 5
1017 5
3933 5
1149 5
257 5
161 5
47 5
43 5
373 5
5515 5
4655 5
4624 5
4538 5
4387 5
3789 5
3496 5
3380 5
3112 5
2560 5
2411 5
2246 5
1347 5
1119 5
769 5
694 5
2326 5
6006 5
4640 5
4477 5
826 5
88 4
743 4
4277 4
1908 4
1646 4
3051 4
3393 4
579 4
2874 4
6547 4
5171 4
3036 4
1194 4
5271 4
1648 4
3644 4
4460 4
1318 4
2404 4
306 4
2128 4
2008 4
840 4
3385 4
1254 4
1829 4
5553 4
5074 4
4283 4
6710 4
6674 4
3387 4
4827 4
2133 4
1945 4
4242 4
1901 4
1649 4
2047 4
1009 4
662 4
5035 4
5077 4
175 4
5799 4
280 4
355 4
6304 4
4385 4
504 4
1171 4
4913 4
4658 4
842 4
4151 4
5874 4
5064 4
1875 4
2718 4
1172 4
1195 4
1068 4
454 4
3005 4
4012 4
6730 4
3295 4
4316 4
1770 4
1369 4
850 4
572 4
115 4
4753 4
1412 4
1094 4
3641 4
5184 4
5198 4
1973 4
7271 4
6812 4
6003 4
4700 4
3086 4
2596 4
2482 4
5592 4
1603 4
7277 4
2841 4
3536 4
5780 4
1212 4
4403 4
3980 4
4522 4
1976 4
4294 4
4233 4
2062 4
980 4
6362 4
6438 4
2018 4
796 4
4810 4
2001 4
2785 4
707 4
3806 4
672 4
5067 4
6906 4
1858 4
431 4
3444 4
5638 4
4722 4
4395 4
1484 4
5629 4
3985 4
2533 4
3700 4
1968 4
2971 4
2867 4
2178 4
1305 4
1002 4
2257 4
5676 4
834 4
91 4
567 4
2026 4
2534 4
3405 4
2318 4
642 4
44 4
10 4
2093 4
5465 4
1130 4
3196 4
6628 4
3517 4
7217 4
1537 4
3348 4
1037 4
5477 4
3046 4
780 4
724 4
391 4
2838 4
5953 4
316 4
1763 4
5024 4
2323 4
5296 4
503 4
2712 4
2045 4
3300 4
5182 4
1715 4
1454 4
97 4
6414 4
4230 4
4379 4
5830 4
3251 4
3179 4
2493 4
2673 4
5812 4
3048 4
1842 4
1944 4
5207 4
3285 4
3720 4
3572 4
2059 4
1193 4
1093 4
5998 4
3060 4
2660 4
1765 4
2569 4
3563 4
2269 4
1570 4
6947 4
2453 4
3297 4
1722 4
2470 4
2671 4
633 4
5446 4
4474 4
3631 4
5853 4
465 4
463 4
2138 4
4823 4
782 4
1232 4
645 4
4145 4
1530 4
5851 4
667 4
335 4
408 4
6172 4
1209 4
5815 4
2774 4
3313 4
4022 4
176 4
2060 4
1330 4
25 4
4782 4
3041 4
2106 4
3395 4
244 4
1155 4
4353 4
4991 4
4478 4
2880 4
4079 4
2689 4
2632 4
5517 4
2432 4
5658 4
3865 4
3287 4
2728 4
5478 4
1800 4
3662 4
2103 4
1864 4
1607 4
1411 4
2693 4
4232 4
5859 4
2938 4
2063 4
917 4
3605 4
2305 4
4697 4
2286 4
808 4
3031 4
1654 4
1074 4
2719 4
962 4
617 4
761 4
484 4
469 4
3170 4
3192 4
3472 4
157 4
2582 4
1358 4
3733 4
4126 4
1731 4
1309 4
6160 4
7125 4
7093 4
4951 4
4567 4
4213 4
7359 4
4790 4
5586 4
5437 4
5825 4
4265 4
5280 4
2091 4
4350 4
4748 4
3053 4
6691 4
6148 4
5007 4
5136 4
2083 4
4210 4
5648 4
3422 4
1622 4
6034 4
6061 4
4332 4
3901 4
3630 4
1799 4
5088 4
3443 4
2760 4
6252 4
5989 4
5657 4
5757 4
4742 4
1653 4
4308 4
7390 4
1590 4
6408 4
3420 4
5063 4
3254 4
2751 4
5838 4
6631 4
6306 4
6004 4
5857 4
5628 4
4744 4
4267 4
2130 4
1657 4
7089 4
5565 4
4293 4
2308 4
6829 4
4646 4
3441 4
3861 4
3713 4
3491 4
3151 4
4521 4
4152 4
5505 4
6171 4
5907 4
937 4
1580 4
3029 4
6855 4
5724 4
5216 4
6578 4
5466 4
4794 4
3848 4
2512 4
5495 4
3486 4
1203 4
3654 4
2782 4
823 4
6124 4
7436 4
4630 4
1124 4
5571 4
1656 4
1269 4
5977 4
6817 4
4318 4
4718 4
1386 4
6464 4
2835 4
2827 4
3355 4
3323 4
4356 4
4207 4
3813 4
3339 4
2552 4
4023 4
1060 4
3779 4
1879 4
1473 4
3675 4
6140 4
2449 4
6716 4
6749 4
2435 4
4221 4
6387 4
2575 4
1804 4
1035 4
4746 4
5402 4
4652 4
4479 4
575 4
4211 4
3108 4
1173 4
1602 4
4159 4
3608 4
3566 4
6859 4
2461 4
3725 4
4612 4
3709 4
3688 4
4732 4
3373 4
2473 4
3762 4
3547 4
7344 4
7126 4
6594 4
5013 4
4734 4
3137 4
1686 4
970 4
824 4
3889 4
6282 4
5244 4
3148 4
2937 4
714 4
1827 4
1042 4
1121 4
5014 4
1154 4
2508 4
2181 4
5003 4
5186 4
2277 4
2168 4
2141 4
1611 4
6819 4
3647 4
2431 4
1424 4
6965 4
6796 4
5113 4
4337 4
3174 4
2313 4
1585 4
744 4
6919 4
6479 4
4962 4
2720 4
6197 4
424 4
6274 4
1348 4
3922 4
4965 4
4895 4
4465 4
3979 4
2173 4
3616 4
3126 4
2448 4
3587 4
1394 4
7026 4
5104 4
6736 4
6606 4
5751 4
5613 4
5370 4
5168 4
5124 4
4777 4
4668 4
4290 4
4035 4
3925 4
3228 4
2768 4
2310 4
1181 4
1162 4
628 4
2066 4
5934 4
5546 4
5212 4
3097 4
5333 4
3125 4
1236 4
3513 4
488 4
793 4
4594 4
3802 4
3401 4
1979 4
4604 4
1275 4
2353 4
5607 4
1972 4
1255 4
3704 4
2388 4
5036 4
3221 4
1366 4
7114 4
3280 4
1532 4
4251 4
6213 4
6394 4
5606 4
3690 4
3241 4
2687 4
6158 4
4946 4
3522 4
5091 4
4352 4
3929 4
3244 4
3080 4
987 4
638 4
3059 4
5931 4
4994 4
4461 4
4344 4
4256 4
4186 4
4101 4
4054 4
3599 4
2798 4
2757 4
2429 4
2212 4
1991 4
1573 4
927 4
656 4
598 4
1589 4
5635 4
4518 4
4287 4
3687 4
3523 4
3433 4
3219 4
3150 4
2999 4
2675 4
2634 4
2266 4
2194 4
1956 4
1582 4
3123 4
2120 4
1759 4
1433 4
647 4
3796 4
109 4
7127 4
6287 4
5717 4
5547 4
5393 4
5190 4
5144 4
4928 4
4669 4
4493 4
4471 4
4464 4
4195 4
4167 4
3816 4
3812 4
3776 4
3577 4
3435 4
3365 4
3346 4
3344 4
3333 4
3282 4
3269 4
3180 4
2941 4
2940 4
2939 4
2808 4
2770 4
2724 4
2702 4
2629 4
2572 4
2513 4
2509 4
2507 4
2485 4
2325 4
2255 4
2220 4
2146 4
2109 4
2076 4
2061 4
2036 4
2006 4
1890 4
1809 4
1727 4
1634 4
1631 4
1531 4
1107 4
1097 4
986 4
975 4
953 4
581 4
449 4
2780 4
1992 4
907 4
18 4
996 4
1007 4
4109 4
849 4
5863 4
5467 4
5373 4
5335 4
5188 4
4898 4
3595 4
2978 4
2713 4
2655 4
2487 4
2250 4
1368 4
1264 4
1034 4
556 4
2593 3
1415 3
5763 3
5339 3
297 3
3810 3
281 3
4541 3
2954 3
5644 3
3570 3
3288 3
4693 3
5936 3
2622 3
1052 3
6070 3
6495 3
3695 3
4131 3
2118 3
1643 3
1406 3
1334 3
13 3
51 3
856 3
243 3
2501 3
414 3
5516 3
2123 3
1109 3
3488 3
6317 3
6955 3
2510 3
1569 3
1428 3
2214 3
7078 3
3022 3
6402 3
616 3
586 3
6273 3
2426 3
5913 3
7375 3
3665 3
5596 3
4404 3
4529 3
6431 3
2615 3
6335 3
6244 3
2581 3
3941 3
3437 3
1934 3
2333 3
2127 3
4117 3
1509 3
6688 3
4347 3
1801 3
4441 3
1507 3
3864 3
6423 3
1057 3
3026 3
972 3
2871 3
2535 3
3932 3
3702 3
1385 3
1283 3
6711 3
5308 3
3671 3
2732 3
3185 3
3827 3
4507 3
3678 3
903 3
613 3
4688 3
5800 3
2830 3
5012 3
6280 3
6322 3
5202 3
1999 3
1556 3
7027 3
1091 3
2792 3
390 3
3403 3
4720 3
3516 3
6233 3
2616 3
1095 3
6321 3
2037 3
773 3
3168 3
4930 3
3968 3
1182 3
619 3
311 3
4559 3
800 3
4499 3
1401 3
1730 3
1197 3
2421 3
682 3
555 3
2215 3
3838 3
4238 3
3306 3
767 3
131 3
38 3
6457 3
5878 3
5125 3
1137 3
1873 3
2735 3
4608 3
4699 3
5177 3
6013 3
1131 3
2430 3
958 3
68 3
1265 3
5566 3
2980 3
651 3
1924 3
885 3
916 3
3571 3
462 3
3292 3
430 3
117 3
5457 3
4607 3
6559 3
6285 3
6772 3
5267 3
5056 3
5528 3
6625 3
5772 3
5011 3
5973 3
4591 3
6661 3
4081 3
5309 3
6347 3
2964 3
7204 3
2703 3
2685 3
6714 3
2628 3
2468 3
6373 3
3100 3
2340 3
2183 3
2148 3
6092 3
1867 3
6199 3
6294 3
1750 3
1786 3
2070 3
1651 3
4614 3
2053 3
3429 3
1399 3
2014 3
1483 3
6931 3
6301 3
1122 3
6456 3
6439 3
3582 3
1054 3
2823 3
1045 3
3878 3
3349 3
2005 3
7389 3
4766 3
5557 3
1914 3
6810 3
4004 3
4103 3
726 3
717 3
1511 3
5572 3
2476 3
1480 3
553 3
2023 3
498 3
467 3
2638 3
695 3
526 3
6176 3
5554 3
5558 3
3167 3
1551 3
4801 3
313 3
2817 3
738 3
276 3
7306 3
1581 3
158 3
86 3
5325 3
4410 3
4036 3
5414 3
2290 3
5112 3
7188 3
1550 3
3281 3
6391 3
7337 3
6600 3
4467 3
5706 3
5435 3
6470 3
6816 3
4724 3
6958 3
6751 3
6419 3
6994 3
5988 3
5753 3
3919 3
4977 3
2919 3
6570 3
3548 3
6996 3
6615 3
5330 3
4200 3
6122 3
3276 3
3418 3
6936 3
4297 3
6633 3
4150 3
5004 3
2602 3
4047 3
4046 3
6090 3
7226 3
3923 3
4981 3
2328 3
2686 3
4330 3
4255 3
7225 3
5047 3
6735 3
6043 3
4610 3
4281 3
5593 3
5066 3
6519 3
4842 3
7276 3
5461 3
5019 3
4302 3
7354 3
6312 3
3009 3
3956 3
3438 3
3366 3
7235 3
6888 3
6074 3
6718 3
5480 3
6217 3
5551 3
4372 3
3466 3
2494 3
7325 3
5275 3
6279 3
6159 3
5499 3
5237 3
5236 3
5234 3
3559 3
4288 3
6668 3
5842 3
2136 3
6240 3
4531 3
6094 3
5903 3
6126 3
2282 3
1579 3
6329 3
6083 3
5832 3
4367 3
4155 3
6899 3
6026 3
3500 3
2526 3
2089 3
4563 3
4341 3
2588 3
2202 3
5293 3
1951 3
7223 3
6923 3
6512 3
5531 3
4787 3
3750 3
2436 3
7232 3
5608 3
3963 3
1438 3
2416 3
7386 3
7084 3
5375 3
7273 3
5769 3
6601 3
6667 3
5259 3
2452 3
2761 3
6410 3
3764 3
3007 3
2648 3
1538 3
1260 3
5257 3
5092 3
4956 3
2970 3
2399 3
5569 3
3586 3
7427 3
5980 3
5735 3
4729 3
2663 3
6614 3
2361 3
2549 3
3705 3
1225 3
7035 3
4038 3
2902 3
7288 3
6844 3
5155 3
4008 3
3492 3
4396 3
2231 3
7236 3
6214 3
1227 3
6123 3
5279 3
4570 3
3370 3
2643 3
2479 3
6641 3
5079 3
5165 3
6459 3
7339 3
7394 3
7391 3
7381 3
6887 3
6441 3
6150 3
5958 3
5522 3
5336 3
5258 3
5147 3
5096 3
4514 3
4435 3
3551 3
2413 3
4349 3
2346 3
4973 3
2167 3
4737 3
2420 3
1575 3
5455 3
3425 3
2976 3
4363 3
5343 3
6898 3
6307 3
6116 3
3603 3
6993 3
6761 3
5076 3
4088 3
3921 3
3448 3
2609 3
5943 3
5590 3
5245 3
5132 3
4566 3
4398 3
4179 3
4028 3
1549 3
3835 3
6946 3
3815 3
938 3
3944 3
3140 3
6283 3
6432 3
5712 3
5426 3
6607 3
6208 3
4828 3
2467 3
6215 3
7168 3
6930 3
6709 3
6662 3
5713 3
5612 3
4904 3
4492 3
3845 3
6676 3
6289 3
6057 3
5604 3
5451 3
2081 3
4328 3
4446 3
1476 3
6492 3
3162 3
2898 3
1682 3
2362 3
2536 3
6506 3
3134 3
7177 3
7136 3
3155 3
2140 3
4811 3
5715 3
3266 3
1764 3
1392 3
1644 3
4833 3
1452 3
1441 3
2162 3
7076 3
4102 3
4039 3
2567 3
2297 3
6313 3
5636 3
6141 3
6015 3
5497 3
4984 3
3994 3
3230 3
1813 3
1186 3
3706 3
2994 3
753 3
7041 3
6901 3
6836 3
6014 3
1450 3
5163 3
4205 3
1198 3
7013 3
6663 3
6526 3
7059 3
6894 3
7103 3
6344 3
3689 3
3567 3
2763 3
2674 3
6702 3
6544 3
4215 3
1033 3
5666 3
5440 3
5332 3
4975 3
4421 3
2617 3
1655 3
4857 3
5901 3
4568 3
3718 3
2654 3
4266 3
7265 3
6472 3
6348 3
6200 3
6038 3
5471 3
5405 3
5320 3
5317 3
5214 3
5072 3
4756 3
4659 3
4548 3
4485 3
4193 3
4119 3
3975 3
3926 3
3699 3
3535 3
3020 3
2865 3
2591 3
936 3
6017 3
5647 3
4636 3
4545 3
4533 3
3814 3
3407 3
2637 3
5394 3
4696 3
4524 3
3489 3
2773 3
674 3
6826 3
3809 3
2020 3
1661 3
3673 3
5774 3
6540 3
4762 3
3794 3
1505 3
1874 3
3159 3
6655 3
4701 3
3096 3
1592 3
6630 3
7157 3
5345 3
5319 3
4830 3
3454 3
5770 3
5205 3
3544 3
6157 3
7315 3
6783 3
4188 3
1021 3
757 3
3729 3
7052 3
6522 3
5990 3
5727 3
4999 3
4957 3
2783 3
5890 3
5338 3
3691 3
2706 3
1665 3
957 3
7287 3
3803 3
1313 3
959 3
543 3
1880 3
6794 3
4882 3
2341 3
1847 3
3008 3
7129 3
4601 3
6424 3
6119 3
5899 3
5561 3
5044 3
3849 3
4935 3
858 3
5926 3
5694 3
4002 3
4593 3
5160 3
4343 3
3998 3
1882 3
1700 3
6010 3
4788 3
4084 3
3264 3
2633 3
1854 3
728 3
5808 3
5701 3
4856 3
4662 3
4599 3
4588 3
3514 3
6293 3
6179 3
5621 3
5103 3
4993 3
4799 3
4798 3
3270 3
1921 3
1521 3
869 3
7143 3
6259 3
5422 3
5342 3
3521 3
6905 3
3481 3
2861 3
7176 3
7112 3
7017 3
6984 3
6873 3
6290 3
6039 3
6033 3
5922 3
5796 3
5357 3
5266 3
5058 3
4980 3
4219 3
3748 3
3696 3
3611 3
3499 3
3494 3
3459 3
2545 3
5685 3
4876 3
4609 3
4393 3
4276 3
4000 3
3749 3
3731 3
3670 3
3505 3
3361 3
3166 3
3161 3
2897 3
2818 3
2807 3
2772 3
2750 3
1061 3
3199 3
1153 3
2221 3
1830 3
6784 3
6573 3
2856 3
1841 3
6256 3
6786 3
7210 3
5360 3
4447 3
4001 3
6589 3
6350 3
5745 3
5101 3
5016 3
4650 3
4558 3
4444 3
4322 3
3884 3
3480 3
3341 3
2590 3
2309 3
1828 3
852 3
5860 3
4243 3
2126 3
1790 3
1545 3
1247 3
1243 3
1144 3
5139 3
4143 3
4070 3
2540 3
2460 3
5726 3
5534 3
1716 3
7330 3
4241 3
3766 3
2398 3
2395 3
2253 3
1954 3
1821 3
1051 3
4553 3
2744 3
2376 3
932 3
401 3
393 3
392 3
2624 3
371 3
6911 3
6689 3
6044 3
5995 3
5218 3
5087 3
4862 3
4466 3
4390 3
4041 3
4014 3
3819 3
3743 3
3658 3
3340 3
3216 3
3033 3
2864 3
2863 3
2787 3
2711 3
2457 3
2342 3
2016 3
1485 3
6765 3
6314 3
6064 3
5844 3
4681 3
3458 3
1869 3
1824 3
562 3
6814 3
2316 3
2306 3
1922 3
7260 3
6916 3
6311 3
5418 3
4595 3
1941 3
6246 3
5228 3
6924 3
6340 3
5827 3
4821 3
4723 3
4605 3
4513 3
3697 3
3173 3
2064 3
5071 3
851 3
5773 3
2657 3
4306 3
5555 3
4114 3
2469 3
2369 3
7468 3
3018 3
7046 3
5300 3
625 3
542 3
410 3
5303 3
3959 3
3468 3
6156 3
442 3
7399 3
7165 3
6742 3
6521 3
5905 3
5208 3
5059 3
5037 3
5005 3
4888 3
4789 3
4520 3
3960 3
2778 3
2311 3
1329 3
1241 3
973 3
6395 3
4905 3
4717 3
4366 3
4104 3
3719 3
2270 3
2100 3
2015 3
1108 3
5632 3
3103 3
2003 3
1998 3
650 3
3798 3
3598 3
2659 3
1601 3
1026 3
6356 3
3984 3
1435 3
898 3
513 3
1681 3
3834 3
3039 3
2216 3
6253 3
2163 3
1554 3
5950 3
5872 3
5460 3
5389 3
5384 3
4878 3
4027 3
3694 3
2925 3
2727 3
2721 3
1429 3
7459 3
7410 3
7326 3
7186 3
6435 3
6230 3
6110 3
6099 3
6082 3
5626 3
5617 3
5134 3
4953 3
4891 3
3954 3
2329 3
1340 3
1328 3
897 3
5523 3
561 3
5060 3
5371 3
4982 3
4621 3
2945 3
5444 3
4212 3
3027 3
2481 3
2317 3
1520 3
5543 3
4619 3
266 3
3744 3
3656 3
2822 3
5098 3
6461 3
4942 3
4453 3
4069 3
3327 3
2145 3
2082 3
7067 3
6515 3
5159 3
4690 3
4526 3
4061 3
3934 3
3622 3
3261 3
3050 3
6588 3
6444 3
5709 3
6192 3
6418 3
4747 3
3873 3
2870 3
2090 3
1781 3
1703 3
1638 3
1547 3
872 3
829 3
191 3
3638 3
1835 3
165 3
5504 3
4055 3
2300 3
756 3
2635 3
150 3
597 3
5568 3
6098 3
5956 3
5391 3
5388 3
4774 3
3883 3
2683 3
1958 3
1737 3
1689 3
3455 3
4771 3
3475 3
2747 3
4525 3
2876 3
2381 3
1113 3
2885 3
486 3
7421 3
3338 3
1178 3
6446 3
4638 3
4292 3
3874 3
3272 3
3072 3
2877 3
413 3
3583 3
569 3
5192 3
4311 3
4125 3
4099 3
3837 3
2906 3
2265 3
1229 3
6893 3
5892 3
5814 3
821 3
6036 3
5381 3
4894 3
4228 3
2605 3
809 3
4469 3
3775 3
334 3
283 3
5462 3
93 3
7219 3
6357 3
5818 3
5705 3
5520 3
5413 3
4645 3
4198 3
3406 3
3121 3
2366 3
1697 3
990 3
2562 3
2363 3
2108 3
1726 3
6754 3
6582 3
6442 3
5601 3
5500 3
5464 3
4966 3
4932 3
4924 3
4577 3
4338 3
4310 3
4224 3
4162 3
4060 3
3907 3
3862 3
3356 3
2981 3
2843 3
2819 3
2753 3
2465 3
2345 3
2204 3
2179 3
1963 3
571 3
319 3
1939 3
6187 3
5894 3
5630 3
5521 3
5329 3
5250 3
5157 3
5153 3
4865 3
4804 3
4580 3
4483 3
4475 3
4452 3
4432 3
4037 3
3989 3
3957 3
3726 3
3581 3
3423 3
3358 3
3299 3
3268 3
3246 3
3224 3
3142 3
3088 3
2795 3
2662 3
2186 3
2151 3
2105 3
2073 3
1918 3
1359 3
1317 3
1201 3
781 3
374 3
6574 3
6545 3
6079 3
6018 3
5681 3
4361 3
2736 3
2733 3
2262 3
1774 3
1768 3
1761 3
1760 3
1714 3
1713 3
1546 3
6203 3
4584 3
3453 3
3404 3
3316 3
3175 3
3095 3
2977 3
2653 3
2032 3
1142 3
1134 3
5009 3
2608 3
66 3
6554 3
59 3
7183 3
46 3
40 3
1962 3
53 3
4203 3
3782 3
1540 3
5672 3
32 3
33 3
144 3
3590 3
568 3
7144 3
6753 3
6700 3
6528 3
6427 3
6381 3
6336 3
6281 3
6261 3
6190 3
6054 3
5948 3
5941 3
5870 3
5786 3
5742 3
5739 3
5725 3
5662 3
5656 3
5649 3
5611 3
5481 3
5468 3
5448 3
5427 3
5366 3
5362 3
5356 3
5276 3
5232 3
5209 3
5117 3
5075 3
5039 3
5010 3
5006 3
5001 3
4992 3
4945 3
4923 3
4911 3
4875 3
4849 3
4834 3
4817 3
4780 3
4678 3
4633 3
4592 3
4589 3
4509 3
4508 3
4504 3
4406 3
4402 3
4369 3
4345 3
4323 3
4320 3
4313 3
4307 3
4268 3
4226 3
4204 3
4138 3
4137 3
4120 3
4116 3
4080 3
4068 3
4017 3
3997 3
3909 3
3891 3
3887 3
3879 3
3875 3
3846 3
3791 3
3790 3
3763 3
3736 3
3721 3
3703 3
3684 3
3651 3
3623 3
3620 3
3612 3
3591 3
3578 3
3554 3
3549 3
3528 3
3519 3
3510 3
3465 3
3419 3
3400 3
3396 3
3379 3
3369 3
3360 3
3322 3
3321 3
3315 3
3301 3
3283 3
3267 3
3263 3
3252 3
3236 3
3235 3
3232 3
3202 3
3191 3
3183 3
3171 3
3127 3
3102 3
3069 3
3062 3
2986 3
2965 3
2948 3
2931 3
2930 3
2866 3
2858 3
2788 3
2781 3
2776 3
2759 3
2710 3
2697 3
2631 3
2612 3
2611 3
2571 3
2555 3
2553 3
2522 3
2486 3
2478 3
2475 3
2474 3
2440 3
2394 3
2386 3
2372 3
2357 3
2350 3
2343 3
2321 3
2294 3
2289 3
2278 3
2273 3
2271 3
2234 3
2209 3
2166 3
2112 3
2079 3
2050 3
2011 3
1936 3
1919 3
1871 3
1803 3
1797 3
1778 3
1711 3
1683 3
1606 3
1563 3
1523 3
1460 3
1446 3
1434 3
1396 3
1373 3
1350 3
1332 3
1302 3
1066 3
888 3
816 3
798 3
699 3
82 3
6957 3
5968 3
4021 3
2741 3
554 3
502 3
5291 3
4623 3
3073 3
2658 3
2190 3
1612 3
1390 3
1256 3
6645 3
5881 3
5240 3
4773 3
4315 3
4202 3
3843 3
3413 3
3131 3
3101 3
3094 3
2669 3
1913 3
1796 3
908 3
725 3
262 3
538 3
2 2
605 2
607 2
1680 2
1345 2
3962 2
4189 2
912 2
608 2
3260 2
2777 2
415 2
466 2
4752 2
5700 2
5661 2
4896 2
6809 2
4860 2
5693 2
5790 2
4270 2
6960 2
4053 2
4536 2
5290 2
4903 2
6316 2
3822 2
7069 2
4603 2
3278 2
3212 2
6780 2
4900 2
6680 2
4943 2
4825 2
6866 2
5858 2
2439 2
2284 2
5474 2
2243 2
2197 2
4664 2
3768 2
3376 2
2124 2
2078 2
2052 2
5791 2
6125 2
1619 2
5573 2
6487 2
1297 2
5301 2
2680 2
5893 2
1423 2
3304 2
1135 2
6370 2
1522 2
1496 2
3742 2
1481 2
4950 2
1092 2
1937 2
1324 2
2738 2
4176 2
1291 2
1699 2
609 2
4312 2
2722 2
6377 2
3757 2
2833 2
2899 2
1848 2
3618 2
954 2
870 2
4184 2
6458 2
1558 2
1185 2
3627 2
325 2
1304 2
329 2
899 2
854 2
242 2
196 2
370 2
184 2
429 2
128 2
1564 2
5620 2
3056 2
285 2
277 2
6944 2
1528 2
1311 2
372 2
2072 2
1775 2
1402 2
612 2
5127 2
183 2
6488 2
6914 2
2056 2
886 2
6964 2
293 2
250 2
17 2
7472 2
6961 2
7174 2
7153 2
6220 2
6830 2
5839 2
7214 2
7138 2
7083 2
6147 2
7233 2
7095 2
7194 2
7072 2
6682 2
6581 2
6286 2
7432 2
7230 2
5270 2
6132 2
7418 2
5691 2
5610 2
5043 2
7100 2
6889 2
7305 2
4931 2
6149 2
7212 2
6595 2
6548 2
6385 2
6502 2
6224 2
6746 2
6324 2
7377 2
6666 2
7324 2
7021 2
6251 2
7269 2
4573 2
5225 2
7400 2
6650 2
6022 2
4899 2
5993 2
7133 2
7123 2
7382 2
6027 2
5548 2
6168 2
6708 2
7448 2
6686 2
6437 2
7319 2
5915 2
7003 2
5884 2
7087 2
6871 2
6671 2
6593 2
4983 2
7351 2
6945 2
4620 2
7298 2
7196 2
6143 2
6494 2
7445 2
6508 2
7132 2
5623 2
5416 2
3440 2
6768 2
6801 2
5882 2
5765 2
3811 2
5423 2
6673 2
6778 2
5119 2
6910 2
6262 2
4517 2
6267 2
7171 2
7099 2
4284 2
6827 2
3225 2
7392 2
6563 2
6498 2
6426 2
5507 2
6713 2
7424 2
6972 2
6482 2
6254 2
4199 2
7032 2
6921 2
6352 2
7383 2
7369 2
6712 2
6565 2
4454 2
7396 2
7255 2
7073 2
6929 2
6747 2
6375 2
5420 2
5323 2
6861 2
6750 2
7460 2
7272 2
6263 2
3613 2
5914 2
5695 2
4972 2
7335 2
5625 2
6822 2
3052 2
7257 2
7009 2
4751 2
7467 2
6019 2
5599 2
7148 2
6891 2
6319 2
3154 2
5026 2
6771 2
7358 2
7253 2
6553 2
7465 2
7407 2
6885 2
6660 2
6639 2
4675 2
4674 2
4044 2
7317 2
7291 2
6940 2
6815 2
6417 2
5930 2
7047 2
6707 2
5256 2
6918 2
6847 2
2463 2
6724 2
7007 2
7237 2
7025 2
6242 2
4455 2
4201 2
7256 2
7385 2
7011 2
5667 2
7340 2
6380 2
5919 2
6623 2
6249 2
6513 2
6361 2
6560 2
2958 2
7258 2
4629 2
2752 2
2595 2
5873 2
4431 2
7364 2
6072 2
2445 2
5879 2
5479 2
7415 2
5021 2
6121 2
7262 2
6585 2
5283 2
5282 2
3648 2
4964 2
6705 2
5472 2
4963 2
4560 2
4537 2
5576 2
6364 2
5813 2
5194 2
2918 2
3336 2
7334 2
5090 2
4918 2
7284 2
7203 2
6146 2
5536 2
2458 2
2143 2
4600 2
4544 2
6584 2
4392 2
5949 2
5180 2
5154 2
3109 2
2813 2
2799 2
2519 2
2349 2
2086 2
6981 2
5654 2
4574 2
7412 2
6103 2
7352 2
6773 2
4540 2
3828 2
6165 2
4459 2
4391 2
4096 2
4031 2
2191 2
6694 2
7216 2
4695 2
3485 2
7097 2
5340 2
4854 2
4728 2
7247 2
5737 2
4797 2
7205 2
2600 2
7458 2
7321 2
6788 2
6434 2
6040 2
5920 2
5000 2
3781 2
3146 2
3025 2
5085 2
5105 2
3157 2
6111 2
1815 2
7437 2
5783 2
4759 2
4133 2
6182 2
7357 2
6493 2
3992 2
1980 2
5274 2
2626 2
4974 2
4901 2
4261 2
4016 2
3511 2
1915 2
2019 2
7161 2
5137 2
7024 2
5382 2
5179 2
4295 2
4191 2
3343 2
4816 2
5535 2
5530 2
5436 2
4651 2
3947 2
3342 2
1667 2
7365 2
6480 2
6360 2
6063 2
2791 2
1658 2
7426 2
7420 2
7116 2
6842 2
6675 2
5637 2
5852 2
7263 2
6857 2
2700 2
3804 2
3584 2
3467 2
1744 2
7088 2
6917 2
6849 2
6720 2
6642 2
6271 2
5456 2
4362 2
7020 2
6926 2
6920 2
6499 2
6405 2
6188 2
5987 2
5964 2
5563 2
5354 2
7428 2
7040 2
6541 2
5741 2
3880 2
2802 2
2568 2
7435 2
6609 2
6489 2
5411 2
5032 2
4665 2
5764 2
5069 2
2889 2
5744 2
2379 2
1542 2
6450 2
6325 2
5538 2
5729 2
4389 2
4239 2
2603 2
1994 2
5408 2
3330 2
7303 2
7201 2
6777 2
5732 2
6580 2
4922 2
3892 2
3579 2
2756 2
6067 2
6025 2
4634 2
4839 2
6602 2
6315 2
6167 2
7471 2
7208 2
7119 2
6939 2
6903 2
6455 2
6073 2
4169 2
2847 2
2417 2
2223 2
2205 2
7404 2
7294 2
7282 2
7169 2
7101 2
7098 2
6791 2
6762 2
6603 2
6549 2
6430 2
6343 2
6016 2
5974 2
5861 2
5728 2
5600 2
5053 2
5042 2
4871 2
4258 2
4049 2
4034 2
3657 2
3428 2
3421 2
2793 2
2682 2
2324 2
2302 2
2224 2
2085 2
7417 2
7283 2
6949 2
6577 2
5782 2
2352 2
2296 2
5981 2
7197 2
6134 2
3592 2
7329 2
6795 2
6586 2
6475 2
5733 2
3093 2
2580 2
7181 2
7461 2
6583 2
7413 2
6703 2
5991 2
7104 2
6620 2
4020 2
6658 2
5723 2
4551 2
4042 2
1706 2
3432 2
6201 2
4667 2
5911 2
2200 2
4496 2
6130 2
6567 2
7285 2
7079 2
6651 2
6351 2
6085 2
6052 2
5880 2
4549 2
3652 2
3085 2
2851 2
2688 2
2424 2
7163 2
4749 2
5151 2
4955 2
2955 2
2853 2
2715 2
1409 2
6388 2
4716 2
3643 2
7336 2
2334 2
1244 2
6115 2
4498 2
7268 2
6677 2
6448 2
6416 2
6398 2
6196 2
5975 2
5278 2
5262 2
5249 2
4257 2
4153 2
3966 2
1816 2
6990 2
6137 2
3672 2
7109 2
6654 2
5807 2
5584 2
5313 2
5176 2
4906 2
6999 2
6562 2
6484 2
2142 2
6590 2
6096 2
1204 2
6868 2
7259 2
6669 2
5213 2
7159 2
6975 2
6443 2
6231 2
6210 2
5793 2
3375 2
2908 2
7333 2
6879 2
6869 2
6637 2
6169 2
6086 2
5459 2
5424 2
5129 2
5046 2
4996 2
3637 2
7001 2
6640 2
6535 2
6653 2
4889 2
1168 2
3940 2
3594 2
3176 2
3394 2
3198 2
1156 2
4649 2
2993 2
2790 2
2351 2
3132 2
7439 2
7145 2
7070 2
6369 2
5200 2
7347 2
6841 2
6693 2
6509 2
2913 2
4122 2
7438 2
3305 2
6820 2
5819 2
2437 2
7463 2
6902 2
6466 2
5891 2
4024 2
1559 2
3442 2
5708 2
3772 2
6184 2
5816 2
4843 2
4576 2
2846 2
2505 2
7274 2
6740 2
7475 2
6785 2
4647 2
3430 2
1200 2
1430 2
7191 2
7082 2
5247 2
2483 2
7470 2
7442 2
7371 2
7349 2
7346 2
7327 2
7301 2
7202 2
7149 2
7141 2
7135 2
7068 2
7066 2
6982 2
6966 2
6962 2
6948 2
6696 2
6648 2
6546 2
6537 2
6292 2
6131 2
6091 2
6065 2
6055 2
5967 2
5835 2
5809 2
5173 2
5126 2
5120 2
4998 2
4761 2
3953 2
3311 2
2914 2
2391 2
6935 2
5193 2
4425 2
2299 2
5264 2
5624 2
5347 2
7014 2
7008 2
6878 2
6068 2
1533 2
5070 2
4528 2
1613 2
3182 2
5868 2
5496 2
3606 2
3189 2
2749 2
7155 2
4245 2
1444 2
6659 2
2933 2
7074 2
6477 2
3786 2
7307 2
7239 2
7065 2
7053 2
6974 2
6856 2
6561 2
6516 2
6496 2
6050 2
6046 2
5716 2
5419 2
5410 2
5263 2
4481 2
4263 2
3987 2
3474 2
2884 2
2446 2
2666 2
6207 2
6005 2
2561 2
6956 2
6337 2
7447 2
7423 2
7401 2
7350 2
7313 2
7308 2
7252 2
7120 2
6909 2
6850 2
6825 2
6790 2
6745 2
6386 2
6353 2
6221 2
6185 2
5929 2
5908 2
5683 2
5627 2
5587 2
5489 2
5351 2
5349 2
5304 2
5252 2
5033 2
4597 2
4480 2
4326 2
4262 2
4165 2
4124 2
3981 2
3801 2
3607 2
3258 2
3213 2
3200 2
3186 2
3077 2
3066 2
2934 2
2646 2
2466 2
1893 2
6715 2
6225 2
4094 2
1767 2
7397 2
6943 2
6834 2
5316 2
5963 2
7229 2
5321 2
6037 2
5756 2
5297 2
4781 2
2815 2
2845 2
6629 2
6500 2
2434 2
1752 2
5602 2
4426 2
5622 2
7264 2
2627 2
7443 2
4382 2
4252 2
7195 2
7178 2
7167 2
7080 2
7056 2
7043 2
6811 2
6797 2
6737 2
6619 2
5532 2
5387 2
5217 2
2049 2
5641 2
2831 2
2110 2
7373 2
7296 2
7266 2
7170 2
7063 2
5487 2
4672 2
5645 2
5050 2
7054 2
6095 2
5652 2
2888 2
3854 2
5295 2
5174 2
6744 2
4463 2
4450 2
4280 2
3332 2
1891 2
5128 2
1518 2
7322 2
7173 2
5972 2
4380 2
3746 2
2766 2
2280 2
1629 2
3546 2
5029 2
6983 2
5944 2
5439 2
3797 2
2498 2
6539 2
7057 2
5579 2
7453 2
7452 2
7450 2
6767 2
5999 2
2982 2
4887 2
4702 2
1005 2
919 2
7139 2
6366 2
3319 2
7227 2
1792 2
4412 2
3868 2
1787 2
1437 2
1372 2
1293 2
1277 2
7395 2
6807 2
5307 2
7293 2
7281 2
7211 2
7038 2
6806 2
6216 2
5996 2
5669 2
1370 2
1013 2
4503 2
6799 2
2256 2
7286 2
7245 2
6854 2
6178 2
5969 2
5682 2
4820 2
4815 2
3993 2
3895 2
3649 2
3552 2
5912 2
1164 2
7111 2
5065 2
6002 2
4885 2
1886 2
5524 2
2075 2
6359 2
5277 2
2764 2
6986 2
6950 2
6569 2
5823 2
4785 2
7473 2
7331 2
7158 2
7121 2
6532 2
2565 2
5957 2
5518 2
734 2
1296 2
732 2
6925 2
5574 2
4250 2
3639 2
6239 2
6485 2
2335 2
7295 2
6808 2
1338 2
7429 2
6161 2
4100 2
3867 2
4642 2
1725 2
7000 2
6967 2
6915 2
6831 2
6752 2
6719 2
6393 2
6378 2
6268 2
5199 2
5034 2
3081 2
2928 2
2244 2
6627 2
5580 2
5150 2
4685 2
3914 2
3169 2
2407 2
2160 2
709 2
7156 2
1938 2
6734 2
5322 2
706 2
6069 2
6597 2
5219 2
5196 2
4767 2
2554 2
2169 2
1400 2
3416 2
6776 2
6222 2
6155 2
6101 2
7464 2
7440 2
7414 2
7368 2
7367 2
7318 2
7220 2
7187 2
7096 2
7039 2
7031 2
6968 2
6833 2
6792 2
6775 2
6698 2
6685 2
6566 2
6557 2
6473 2
6468 2
6412 2
6272 2
6257 2
6228 2
5976 2
5877 2
5848 2
5831 2
5820 2
5794 2
5736 2
5642 2
5390 2
5253 2
5241 2
5094 2
5078 2
4960 2
4814 2
4740 2
4585 2
4539 2
4428 2
4401 2
4329 2
4319 2
4235 2
4229 2
4105 2
3899 2
3070 2
2584 2
2248 2
1930 2
914 2
4365 2
5650 2
1361 2
7029 2
6864 2
6717 2
6511 2
5614 2
5057 2
2538 2
2360 2
4448 2
5803 2
7416 2
7323 2
7254 2
6617 2
6517 2
6415 2
6334 2
6296 2
6235 2
6234 2
6100 2
5937 2
5866 2
5824 2
5633 2
5506 2
5482 2
5431 2
5401 2
5369 2
5355 2
5352 2
5246 2
5243 2
4970 2
4851 2
3961 2
3715 2
3642 2
1458 2
1426 2
2577 2
3728 2
4388 2
3964 2
3765 2
2152 2
6409 2
5910 2
4370 2
5707 2
5458 2
3999 2
2247 2
2236 2
2172 2
2104 2
1987 2
1861 2
1846 2
1576 2
6195 2
7124 2
6635 2
4711 2
2707 2
2556 2
2393 2
1038 2
1856 2
1525 2
4562 2
956 2
3952 2
5933 2
5398 2
7425 2
6413 2
1353 2
6163 2
610 2
606 2
5994 2
5856 2
5260 2
5161 2
4449 2
3537 2
3105 2
2230 2
2730 2
7240 2
5454 2
5441 2
4961 2
4357 2
2855 2
2219 2
1274 2
4355 2
984 2
7115 2
6467 2
5206 2
5095 2
5030 2
4691 2
4497 2
3847 2
7405 2
6346 2
6250 2
5983 2
3527 2
4995 2
7312 2
6862 2
3037 2
1662 2
6604 2
3374 2
3362 2
3359 2
2963 2
2472 2
2427 2
2375 2
2041 2
1594 2
6938 2
5730 2
5326 2
4057 2
3556 2
3495 2
5162 2
2641 2
5172 2
7362 2
7061 2
5960 2
5806 2
4832 2
4494 2
4026 2
3881 2
3390 2
7016 2
925 2
6598 2
6732 2
6832 2
6255 2
6238 2
5755 2
5754 2
4436 2
2520 2
1947 2
1884 2
3526 2
2881 2
1379 2
5847 2
2319 2
7151 2
7023 2
4420 2
3021 2
661 2
6568 2
5542 2
2642 2
7370 2
1470 2
7207 2
5939 2
1029 2
1006 2
1001 2
552 2
3900 2
6851 2
6202 2
6089 2
6031 2
5776 2
4919 2
4779 2
4368 2
4025 2
3852 2
3506 2
3424 2
2285 2
2891 2
5204 2
7270 2
7118 2
7055 2
6883 2
6170 2
6112 2
6066 2
5797 2
5380 2
5093 2
4958 2
4812 2
4736 2
4721 2
4299 2
3247 2
1971 2
3792 2
3210 2
3098 2
7012 2
5801 2
2385 2
3353 2
7077 2
6505 2
6463 2
6117 2
5015 2
3851 2
3826 2
3493 2
3411 2
3312 2
3294 2
3195 2
7456 2
7449 2
7037 2
6858 2
4921 2
4547 2
4419 2
2511 2
1916 2
7113 2
6447 2
6144 2
5594 2
3470 2
3303 2
7441 2
7242 2
7224 2
7152 2
7018 2
6692 2
6610 2
5152 2
5080 2
4285 2
3841 2
3389 2
3078 2
3030 2
7222 2
6697 2
4990 2
2923 2
4056 2
7328 2
7387 2
7172 2
7042 2
6476 2
6194 2
7457 2
7454 2
7402 2
7342 2
7311 2
7300 2
7175 2
7146 2
6997 2
6904 2
6886 2
6877 2
6800 2
6793 2
6728 2
6608 2
6538 2
6389 2
6276 2
5896 2
5895 2
5841 2
5752 2
5377 2
5233 2
5123 2
5115 2
3912 2
3910 2
2374 2
2291 2
2030 2
7434 2
7150 2
7060 2
6704 2
5947 2
5869 2
5833 2
5597 2
5591 2
5577 2
5537 2
5473 2
5255 2
5191 2
5166 2
4445 2
4443 2
4384 2
4327 2
4208 2
4178 2
3902 2
3624 2
3457 2
3107 2
2935 2
2579 2
2542 2
1966 2
6374 2
1519 2
1331 2
433 2
7130 2
7117 2
6428 2
6323 2
5864 2
5131 2
4625 2
4602 2
4561 2
3104 2
2046 2
1465 2
3262 2
2359 2
1618 2
1157 2
7028 2
6770 2
3833 2
3471 2
7064 2
6219 2
5073 2
3758 2
3001 2
1836 2
4841 2
3860 2
3446 2
2021 2
1539 2
1031 2
7238 2
6683 2
4750 2
7469 2
7451 2
7372 2
7292 2
7290 2
7128 2
6860 2
6779 2
6760 2
6481 2
6102 2
6023 2
5849 2
5514 2
5443 2
5403 2
4976 2
4947 2
4867 2
4866 2
4442 2
4430 2
4415 2
4033 2
3995 2
3800 2
3645 2
3345 2
3331 2
3049 2
3012 2
2892 2
2743 2
1975 2
1906 2
1885 2
1850 2
1754 2
1599 2
601 2
4427 2
5023 2
4244 2
3830 2
3178 2
2990 2
2797 2
2636 2
2450 2
2348 2
2087 2
1964 2
1837 2
1632 2
1461 2
1363 2
1323 2
1222 2
1213 2
7279 2
6937 2
6804 2
6699 2
6652 2
6429 2
6076 2
6058 2
3915 2
6781 2
6048 2
4710 2
4510 2
5400 2
3723 2
3141 2
1022 2
7455 2
7289 2
7246 2
7185 2
7147 2
7075 2
6853 2
6670 2
6621 2
6490 2
6411 2
6288 2
6166 2
5923 2
5888 2
5746 2
5702 2
5619 2
5428 2
4870 2
3894 2
3668 2
3217 2
3139 2
3091 2
2887 2
2546 2
2373 2
2147 2
1756 2
1739 2
6422 2
5631 2
4703 2
3677 2
3120 2
3042 2
2288 2
1076 2
992 2
595 2
6462 2
6104 2
4616 2
7341 2
7251 2
7199 2
7030 2
6739 2
6599 2
6542 2
6520 2
5766 2
5718 2
5605 2
4844 2
4015 2
2767 2
1160 2
1151 2
7355 2
7164 2
6644 2
5189 2
4743 2
4113 2
3931 2
3194 2
2974 2
1732 2
7107 2
6882 2
6626 2
6332 2
5871 2
5229 2
3451 2
7380 2
7332 2
7310 2
7304 2
6846 2
6802 2
6555 2
6550 2
6514 2
6372 2
6339 2
6327 2
6309 2
6198 2
6106 2
5660 2
5141 2
5140 2
5108 2
5055 2
4879 2
4615 2
4532 2
4424 2
4423 2
4334 2
4314 2
4246 2
4216 2
4175 2
4139 2
4086 2
4074 2
3943 2
3756 2
3708 2
3693 2
3562 2
3382 2
2762 2
2532 2
2425 2
2239 2
2208 2
1127 2
904 2
583 2
7361 2
6963 2
6738 2
6392 2
2691 2
7338 2
4776 2
3265 2
7302 2
6579 2
7374 2
7343 2
6881 2
5865 2
4944 2
4438 2
6679 2
6618 2
7379 2
7309 2
6998 2
6613 2
5846 2
5452 2
5417 2
5156 2
5022 2
4826 2
4218 2
3371 2
2951 2
1425 2
1378 2
7081 2
4400 2
1086 2
7314 2
7218 2
6951 2
6725 2
6622 2
6399 2
6243 2
6077 2
5802 2
5545 2
5051 2
4936 2
4325 2
3824 2
3752 2
3512 2
5299 2
4831 2
1574 2
657 2
6248 2
5927 2
5583 2
3487 2
3302 2
1502 2
1301 2
6884 2
7462 2
6042 2
5634 2
5449 2
4989 2
4348 2
4075 2
2539 2
4818 2
4550 2
6587 2
7446 2
7189 2
7137 2
7094 2
7050 2
7048 2
6874 2
6840 2
6805 2
6769 2
6695 2
6529 2
6483 2
6298 2
5684 2
4482 2
4296 2
4273 2
3978 2
2804 2
2620 2
2114 2
2038 2
405 2
7366 2
6980 2
6976 2
6970 2
6687 2
6349 2
6021 2
5962 2
5491 2
5049 2
4941 2
4719 2
4511 2
4440 2
4418 2
4417 2
4321 2
4098 2
3917 2
3869 2
3617 2
3610 2
3596 2
3585 2
3398 2
3383 2
3363 2
2433 2
2356 2
1985 2
1056 2
920 2
7444 2
6223 2
6129 2
6012 2
4476 2
4303 2
4274 2
3565 2
2241 2
448 2
323 2
3976 2
2649 2
1811 2
1743 2
1616 2
1231 2
1826 2
1217 2
4586 2
1333 2
7010 2
3667 2
4346 2
2330 2
7160 2
4375 2
2235 2
1831 2
7085 2
6729 2
6265 2
6051 2
5385 2
5341 2
5284 2
4968 2
4644 2
4171 2
4163 2
4161 2
4127 2
3534 2
3445 2
3277 2
2423 2
1447 2
564 2
299 2
7360 2
6870 2
6690 2
6436 2
6269 2
6177 2
6162 2
5762 2
5248 2
4093 2
4009 2
3190 2
2836 2
2443 2
2153 2
1719 2
7166 2
6053 2
6226 2
3456 2
289 2
822 2
7215 2
2828 2
4892 2
3004 2
6721 2
6241 2
5167 2
6821 2
6764 2
6142 2
6008 2
2370 2
6867 2
5148 2
6028 2
7422 2
7231 2
7134 2
7002 2
6897 2
6726 2
6722 2
6556 2
6310 2
6303 2
5997 2
5760 2
5359 2
5261 2
5135 2
4852 2
4686 2
4606 2
4501 2
4376 2
4029 2
3972 2
3971 2
3928 2
3391 2
3222 2
3074 2
2927 2
2051 2
1851 2
1398 2
1397 2
1027 2
2543 2
1020 2
4837 2
7142 2
5175 2
4247 2
739 2
7430 2
7316 2
258 2
254 2
251 2
7108 2
6837 2
6706 2
6624 2
6136 2
6093 2
6056 2
5954 2
5795 2
5281 2
3983 2
3378 2
3239 2
2583 2
7275 2
6205 2
7411 2
5886 2
5855 2
5581 2
1609 2
3245 2
1782 2
787 2
7356 2
6803 2
6592 2
6032 2
4554 2
4192 2
3335 2
1562 2
792 2
566 2
510 2
240 2
3740 2
942 2
227 2
221 2
203 2
201 2
3211 2
5116 2
4433 2
559 2
901 2
7180 2
6237 2
5898 2
5386 2
5038 2
4730 2
3574 2
3016 2
2826 2
1843 2
1795 2
1443 2
1432 2
1337 2
1239 2
921 2
841 2
750 2
626 2
6952 2
6731 2
5556 2
5294 2
4848 2
2862 2
6755 2
6118 2
615 2
295 2
7206 2
5399 2
7140 2
6264 2
6183 2
166 2
200 2
1577 2
1030 2
7348 2
540 2
5025 2
2298 2
1451 2
1249 2
438 2
331 2
154 2
168 2
2455 2
1343 2
354 2
145 2
6979 2
3255 2
6973 2
6954 2
6913 2
6798 2
6531 2
6406 2
6330 2
6326 2
6107 2
6024 2
5771 2
5598 2
5404 2
5346 2
5183 2
5114 2
4987 2
4803 2
4456 2
2389 2
1477 2
4893 2
4583 2
3203 2
1377 2
5889 2
4938 2
2101 2
127 2
7209 2
4763 2
4689 2
4160 2
4011 2
3357 2
3273 2
2517 2
2383 2
2287 2
2275 2
1500 2
444 2
6552 2
4519 2
4174 2
4147 2
3876 2
3520 2
3143 2
2983 2
2570 2
2276 2
2029 2
1814 2
776 2
264 2
3476 2
589 2
3842 2
1268 2
7190 2
7090 2
6838 2
6612 2
6605 2
6454 2
6338 2
5966 2
5845 2
5840 2
5588 2
5492 2
4684 2
4502 2
4010 2
1526 2
653 2
4692 2
4183 2
3484 2
3234 2
2098 2
1595 2
1205 2
1188 2
1165 2
1012 2
685 2
364 2
6969 2
2259 2
5310 2
6959 2
5567 2
5415 2
4858 2
3600 2
3518 2
2784 2
2249 2
2080 2
1784 2
1678 2
1469 2
5407 2
1479 2
1216 2
675 2
288 2
287 2
286 2
284 2
282 2
279 2
278 2
124 2
5539 2
2428 2
1668 2
94 2
85 2
95 2
7193 2
7049 2
6895 2
6852 2
6774 2
6681 2
5965 2
5688 2
4920 2
4661 2
3991 2
3969 2
3633 2
3145 2
2952 2
1281 2
799 2
6451 2
5690 2
5097 2
3888 2
3320 2
3318 2
3177 2
3013 2
860 2
578 2
496 2
1735 2
1605 2
1258 2
560 2
558 2
557 2
135 2
7466 2
6534 2
6527 2
6291 2
6114 2
5984 2
5778 2
5747 2
5374 2
5311 2
5111 2
5084 2
5045 2
5002 2
4869 2
4846 2
4764 2
4739 2
4626 2
4590 2
4409 2
4408 2
4236 2
4006 2
3911 2
3857 2
3807 2
3410 2
3259 2
3138 2
3055 2
2924 2
2869 2
1214 2
1090 2
827 2
5781 2
4596 2
4237 2
3787 2
3661 2
3000 2
2957 2
2852 2
2630 2
2418 2
1852 2
1733 2
7408 2
7261 2
7228 2
7182 2
6835 2
6284 2
6227 2
6151 2
6020 2
5843 2
5679 2
5663 2
5379 2
5269 2
5142 2
4877 2
4859 2
4745 2
4491 2
4473 2
4399 2
4333 2
4289 2
3832 2
3615 2
3568 2
3515 2
3434 2
3165 2
2758 2
2644 2
2150 2
1806 2
1751 2
890 2
74 2
6908 2
6518 2
6401 2
5582 2
5570 2
5549 2
5529 2
3659 2
3533 2
2729 2
2709 2
1910 2
820 2
7071 2
6985 2
6611 2
6596 2
6486 2
6474 2
6407 2
6297 2
6030 2
5438 2
4704 2
4240 2
4048 2
3986 2
3759 2
3490 2
3034 2
2956 2
2043 2
2007 2
1888 2
1709 2
1492 2
1431 2
1352 2
1315 2
1259 2
1032 2
896 2
570 2
69 2
294 2
7398 2
7092 2
7045 2
6758 2
5924 2
3461 2
162 2
56 2
933 2
60 2
57 2
5368 2
5146 2
5052 2
4760 2
3061 2
2987 2
551 2
108 2
658 2
260 2
29 2
28 2
5615 2
3751 2
3685 2
3188 2
440 2
404 2
26 2
6536 2
807 2
107 2
7431 2
7384 2
7280 2
7248 2
7243 2
7241 2
7213 2
7198 2
7162 2
7154 2
7131 2
7102 2
7062 2
7044 2
7036 2
7034 2
7015 2
7006 2
6989 2
6987 2
6971 2
6896 2
6890 2
6863 2
6848 2
6828 2
6824 2
6813 2
6763 2
6733 2
6665 2
6664 2
6649 2
6647 2
6636 2
6634 2
6616 2
6576 2
6571 2
6551 2
6524 2
6469 2
6465 2
6404 2
6384 2
6382 2
6365 2
6363 2
6355 2
6354 2
6341 2
6333 2
6308 2
6302 2
6275 2
6258 2
6245 2
6229 2
6211 2
6209 2
6189 2
6180 2
6152 2
6138 2
6133 2
6109 2
6080 2
6071 2
6060 2
6059 2
6035 2
6009 2
6007 2
5992 2
5979 2
5945 2
5942 2
5935 2
5916 2
5906 2
5904 2
5876 2
5822 2
5811 2
5805 2
5787 2
5784 2
5768 2
5761 2
5758 2
5749 2
5738 2
5704 2
5696 2
5692 2
5673 2
5671 2
5670 2
5668 2
5664 2
5653 2
5651 2
5575 2
5550 2
5533 2
5527 2
5508 2
5503 2
5502 2
5493 2
5486 2
5475 2
5469 2
5453 2
5450 2
5447 2
5445 2
5425 2
5412 2
5392 2
5365 2
5363 2
5344 2
5289 2
5287 2
5238 2
5195 2
5185 2
5149 2
5138 2
5118 2
5110 2
5109 2
5100 2
5031 2
5028 2
5018 2
5017 2
4997 2
4971 2
4954 2
4939 2
4937 2
4927 2
4926 2
4925 2
4897 2
4872 2
4864 2
4836 2
4829 2
4813 2
4807 2
4793 2
4792 2
4784 2
4778 2
4770 2
4758 2
4709 2
4705 2
4687 2
4680 2
4679 2
4671 2
4670 2
4657 2
4639 2
4622 2
4613 2
4581 2
4578 2
4556 2
4555 2
4542 2
4534 2
4530 2
4527 2
4487 2
4458 2
4451 2
4416 2
4407 2
4405 2
4335 2
4317 2
4304 2
4298 2
4253 2
4248 2
4223 2
4182 2
4180 2
4173 2
4170 2
4166 2
4148 2
4140 2
4132 2
4130 2
4128 2
4115 2
4107 2
4090 2
4064 2
4050 2
4032 2
4019 2
4018 2
4007 2
4005 2
3938 2
3927 2
3896 2
3882 2
3877 2
3871 2
3831 2
3805 2
3785 2
3778 2
3760 2
3737 2
3732 2
3727 2
3722 2
3701 2
3698 2
3683 2
3629 2
3589 2
3588 2
3580 2
3573 2
3558 2
3542 2
3540 2
3531 2
3529 2
3525 2
3503 2
3449 2
3436 2
3417 2
3397 2
3392 2
3367 2
3364 2
3350 2
3347 2
3328 2
3298 2
3293 2
3229 2
3209 2
3160 2
3133 2
3110 2
3083 2
3014 2
2991 2
2969 2
2947 2
2900 2
2893 2
2890 2
2872 2
2834 2
2832 2
2811 2
2771 2
2765 2
2698 2
2672 2
2670 2
2665 2
2623 2
2578 2
2548 2
2530 2
2529 2
2514 2
2484 2
2462 2
2456 2
2367 2
2303 2
2267 2
2258 2
2233 2
2228 2
2217 2
2199 2
2192 2
2131 2
2039 2
2010 2
2009 2
1988 2
1965 2
1946 2
1933 2
1903 2
1881 2
1812 2
1773 2
1769 2
1723 2
1705 2
1701 2
1670 2
1610 2
1568 2
1510 2
1499 2
1498 2
1404 2
1176 2
1053 2
985 2
965 2
935 2
663 2
194 2
193 2
164 2
6723 2
6701 2
4066 2
3646 2
2438 2
777 2
16 2
4683 2
865 2
6497 2
2371 2
582 2
215 2
1175 2
493 2
6390 2
5378 2
4940 2
3010 2
2929 2
2842 2
2496 2
2164 2
120 2
623 2
622 2
621 2
353 2
9 2
755 2
179 2
7403 2
7297 2
7249 2
7244 2
7091 2
6260 2
6081 2
5677 2
5350 2
5302 2
4286 2
4129 2
3463 2
3414 2
302 2
6075 2
1114 2
7433 2
537 2
533 2
528 2
527 2
1 2
7378 1
4714 1
5519 1
2650 1
2170 1
993 1
1221 1
1322 1
457 1
2044 1
320 1
1129 1
125 1
7393 1
6672 1
6471 1
6403 1
6186 1
6823 1
6787 1
6892 1
6400 1
7409 1
7267 1
6953 1
7086 1
4733 1
6657 1
6278 1
3903 1
7376 1
5925 1
6839 1
3730 1
4883 1
5358 1
7363 1
7019 1
4735 1
3326 1
6977 1
6632 1
3680 1
6164 1
4158 1
5235 1
5312 1
5222 1
6988 1
5169 1
4660 1
4076 1
3065 1
3906 1
2922 1
2920 1
6001 1
2844 1
6928 1
5792 1
5372 1
2746 1
5203 1
5655 1
4359 1
3220 1
2557 1
7058 1
6173 1
6088 1
4484 1
5875 1
6153 1
2695 1
2314 1
3550 1
4515 1
2377 1
3508 1
3115 1
3023 1
7192 1
6191 1
5305 1
5145 1
4488 1
3946 1
3628 1
3626 1
3149 1
2077 1
6880 1
2034 1
7234 1
3780 1
7250 1
2096 1
2139 1
4755 1
1927 1
5395 1
2268 1
1986 1
6396 1
4850 1
4628 1
3307 1
4775 1
2408 1
1794 1
3172 1
2097 1
4354 1
2322 1
2850 1
7353 1
1640 1
1639 1
1807 1
1676 1
2558 1
1591 1
7345 1
6084 1
6759 1
1457 1
6175 1
3399 1
4505 1
1413 1
1382 1
1344 1
1321 1
4917 1
6135 1
1808 1
3431 1
2184 1
3784 1
2304 1
1276 1
5714 1
1174 1
3924 1
3106 1
1138 1
5646 1
1126 1
5777 1
5008 1
4912 1
4413 1
6440 1
3204 1
3773 1
4727 1
3043 1
3908 1
2099 1
4569 1
1233 1
6995 1
5618 1
5324 1
3913 1
3821 1
2968 1
1694 1
1106 1
971 1
4632 1
3777 1
7388 1
1202 1
889 1
6181 1
1102 1
859 1
848 1
1043 1
5170 1
3368 1
1671 1
2158 1
836 1
997 1
801 1
1597 1
4489 1
1925 1
2397 1
1456 1
3040 1
735 1
2966 1
1224 1
4386 1
3936 1
6900 1
2283 1
6368 1
3597 1
3231 1
1669 1
791 1
3681 1
1025 1
4916 1
2013 1
624 1
611 1
2601 1
1065 1
5938 1
3569 1
1163 1
5434 1
523 1
508 1
1376 1
1351 1
968 1
6782 1
6445 1
6452 1
1926 1
3415 1
1679 1
7406 1
7299 1
6743 1
5501 1
4880 1
4809 1
458 1
866 1
426 1
2992 1
1555 1
1046 1
6932 1
6501 1
4874 1
868 1
2903 1
5686 1
394 1
4873 1
1070 1
3207 1
3206 1
3205 1
871 1
864 1
6295 1
2979 1
361 1
5985 1
4506 1
1974 1
2441 1
644 1
3844 1
3314 1
1859 1
1802 1
1355 1
659 1
321 1
453 1
451 1
450 1
519 1
309 1
350 1
326 1
6425 1
5643 1
648 1
1772 1
340 1
1865 1
271 1
5775 1
5227 1
4738 1
4715 1
705 1
520 1
246 1
237 1
228 1
218 1
236 1
235 1
234 1
233 1
232 1
231 1
230 1
229 1
226 1
225 1
224 1
223 1
222 1
220 1
217 1
216 1
214 1
213 1
212 1
211 1
210 1
209 1
208 1
207 1
206 1
205 1
202 1
199 1
198 1
197 1
195 1
188 1
185 1
190 1
173 1
172 1
171 1
170 1
169 1
167 1
163 1
407 1
155 1
153 1
152 1
151 1
149 1
148 1
147 1
143 1
4373 1
687 1
312 1
308 1
160 1
423 1
3538 1
521 1
314 1
136 1
322 1
106 1
105 1
104 1
103 1
102 1
101 1
100 1
99 1
98 1
96 1
92 1
290 1
84 1
83 1
81 1
4422 1
943 1
366 1
389 1
77 1
5181 1
4949 1
3853 1
2274 1
2222 1
2678 1
64 1
63 1
55 1
48 1
41 1
39 1
62 1
54 1
52 1
116 1
31 1
30 1
239 1
50 1
45 1
23 1
7320 1
7110 1
6575 1
6247 1
5982 1
5959 1
5883 1
5740 1
5589 1
5526 1
5328 1
4969 1
4915 1
4653 1
4269 1
4123 1
3462 1
3450 1
1762 1
21 1
20 1
3427 1
441 1
385 1
4043 1
3118 1
1912 1
6 1
539 1
536 1
535 1
534 1
532 1
531 1
530 1
529 1
525 1
522 1
337 1
5230 1
