416 9
448 9
399 9
536 9
504 9
132 9
204 9
273 9
431 9
456 9
447 9
506 9
568 9
482 9
453 9
458 9
538 9
449 9
392 9
562 9
380 9
523 9
466 9
393 9
421 9
526 9
463 8
455 8
410 8
548 8
434 8
459 8
433 8
560 8
451 8
408 8
584 8
511 8
543 8
550 8
496 8
461 8
503 8
487 8
471 7
499 7
597 7
619 7
546 7
539 7
529 7
588 7
545 7
464 7
547 7
490 7
386 7
370 7
617 7
437 7
322 7
285 7
230 7
736 7
709 7
364 7
266 7
170 7
199 7
763 7
646 7
513 7
750 7
707 7
690 7
381 7
139 7
317 7
404 7
260 7
233 7
697 7
762 7
635 7
113 7
398 7
606 7
239 7
299 7
259 7
237 7
738 7
666 7
425 7
552 7
372 7
247 7
223 7
484 7
290 7
212 7
702 7
465 7
531 7
777 7
769 7
508 7
442 7
575 7
361 7
289 7
802 7
224 7
368 7
426 7
430 7
396 7
460 7
540 7
281 7
481 7
613 7
518 7
385 7
470 7
438 7
486 7
660 6
710 6
557 6
428 6
753 6
564 6
586 6
822 6
415 6
678 6
570 6
781 6
228 6
280 6
668 6
659 6
406 6
853 6
807 6
829 6
324 6
337 6
275 6
216 6
452 6
856 6
804 6
691 6
51 6
843 6
840 6
803 6
687 6
593 6
485 6
462 6
417 6
356 6
351 6
258 6
839 6
681 6
231 6
164 6
819 6
609 6
841 6
692 6
377 6
311 6
757 6
832 6
773 6
528 6
509 6
735 6
801 6
637 6
502 6
515 6
316 6
572 6
347 6
118 5
22 5
158 5
98 5
319 5
123 5
109 5
57 5
205 5
271 5
104 5
191 5
639 5
108 5
214 5
193 5
130 5
171 5
163 5
133 5
128 5
823 5
645 5
816 5
189 5
152 5
59 5
110 5
114 5
306 5
257 5
148 5
143 5
786 5
537 5
655 5
573 5
818 5
785 5
771 5
156 5
492 5
469 5
551 5
611 5
105 5
328 5
121 5
5 5
35 5
555 5
439 5
207 5
254 5
314 5
820 5
418 5
344 5
776 5
652 5
627 5
864 5
571 5
558 5
610 5
673 5
197 5
403 5
859 5
765 5
670 5
845 5
567 5
210 5
705 5
574 5
445 5
388 5
350 5
525 5
120 5
780 5
653 5
582 5
858 5
579 5
477 5
837 5
596 5
544 5
549 5
498 5
770 5
348 5
483 5
336 5
369 5
53 4
166 4
125 4
161 4
88 4
58 4
49 4
9 4
90 4
55 4
25 4
14 4
751 4
195 4
20 4
423 4
784 4
255 4
855 4
13 4
8 4
263 4
162 4
358 4
2 4
488 4
243 4
693 4
654 4
826 4
791 4
665 4
608 4
532 4
136 4
327 4
70 4
236 4
78 4
717 4
301 4
297 4
500 4
16 4
3 4
196 4
33 4
267 4
74 4
413 4
240 4
602 4
321 4
441 4
173 4
256 4
308 4
63 4
61 4
21 4
723 4
592 4
178 4
742 4
677 4
715 4
671 4
407 4
284 4
215 4
134 4
626 4
725 4
270 4
209 4
874 4
817 4
800 4
718 4
758 4
714 4
768 4
601 4
842 4
587 4
556 4
517 4
566 4
427 4
391 4
354 4
345 4
519 4
494 4
614 4
436 4
395 4
343 4
218 4
334 4
303 4
834 4
187 4
179 4
122 4
420 4
202 4
106 4
190 4
96 4
155 3
225 3
724 3
341 3
657 3
278 3
745 3
622 3
226 3
730 3
60 3
32 3
24 3
852 3
91 3
326 3
342 3
795 3
729 3
740 3
405 3
491 3
630 3
679 3
362 3
412 3
245 3
335 3
419 3
625 3
227 3
624 3
115 3
23 3
479 3
825 3
47 3
45 3
7 3
95 3
298 3
851 3
872 3
629 3
375 3
389 3
219 3
248 3
141 3
124 3
160 3
56 3
847 3
772 3
683 3
672 3
651 3
636 3
505 3
534 3
241 3
175 3
93 3
854 3
873 3
761 3
846 3
805 3
720 3
778 3
764 3
706 3
647 3
650 3
559 3
620 3
643 3
869 3
799 3
561 3
440 3
576 3
450 3
390 3
554 3
384 3
663 3
435 3
371 3
510 3
604 3
379 3
475 3
638 3
242 3
232 3
474 3
353 3
373 3
387 3
206 3
213 3
221 3
318 3
367 3
330 3
272 3
165 3
154 3
309 3
277 3
634 3
111 3
229 3
73 3
72 3
68 3
211 3
140 3
137 3
135 3
151 3
37 3
34 3
18 3
838 2
779 2
882 2
774 2
827 2
743 2
806 2
708 2
704 2
468 2
261 2
249 2
286 2
50 2
54 2
26 2
75 2
6 2
1 2
850 2
749 2
699 2
669 2
789 2
615 2
411 2
333 2
186 2
180 2
174 2
67 2
866 2
870 2
861 2
862 2
865 2
788 2
828 2
815 2
833 2
747 2
885 2
831 2
878 2
737 2
716 2
719 2
860 2
884 2
688 2
722 2
813 2
734 2
694 2
649 2
644 2
787 2
755 2
727 2
640 2
661 2
581 2
662 2
794 2
682 2
535 2
522 2
746 2
783 2
457 2
489 2
863 2
521 2
454 2
642 2
530 2
443 2
607 2
591 2
524 2
472 2
444 2
585 2
414 2
401 2
553 2
497 2
467 2
598 2
424 2
352 2
383 2
307 2
292 2
276 2
527 2
429 2
310 2
300 2
274 2
315 2
291 2
251 2
250 2
288 2
246 2
282 2
262 2
325 2
269 2
359 2
365 2
363 2
349 2
264 2
244 2
374 2
234 2
153 2
157 2
147 2
217 2
220 2
331 2
168 2
185 2
238 2
119 2
183 2
169 2
102 2
84 2
172 2
126 2
65 2
138 2
181 2
176 2
167 2
129 2
82 2
69 2
87 2
29 2
31 2
146 2
112 2
100 2
66 2
64 2
117 2
42 2
40 2
39 2
28 2
11 2
12 2
4 2
36 2
19 2
675 1
376 1
542 1
76 1
824 1
809 1
798 1
767 1
712 1
641 1
599 1
339 1
312 1
323 1
203 1
81 1
883 1
876 1
857 1
887 1
881 1
879 1
849 1
888 1
848 1
808 1
814 1
821 1
797 1
875 1
782 1
775 1
830 1
796 1
844 1
766 1
867 1
759 1
760 1
835 1
733 1
732 1
836 1
713 1
711 1
721 1
792 1
877 1
703 1
701 1
700 1
695 1
790 1
752 1
812 1
756 1
689 1
686 1
684 1
680 1
728 1
667 1
754 1
731 1
664 1
744 1
658 1
674 1
648 1
889 1
748 1
698 1
633 1
623 1
618 1
656 1
628 1
603 1
739 1
676 1
595 1
616 1
600 1
589 1
696 1
726 1
541 1
632 1
880 1
577 1
533 1
516 1
631 1
583 1
514 1
507 1
580 1
569 1
495 1
871 1
605 1
476 1
473 1
810 1
886 1
793 1
578 1
868 1
811 1
501 1
493 1
422 1
612 1
512 1
741 1
446 1
409 1
520 1
685 1
400 1
621 1
397 1
394 1
480 1
563 1
378 1
366 1
478 1
382 1
346 1
340 1
594 1
338 1
329 1
590 1
313 1
432 1
302 1
295 1
287 1
283 1
268 1
296 1
357 1
320 1
279 1
235 1
304 1
332 1
294 1
293 1
355 1
565 1
222 1
201 1
402 1
252 1
182 1
265 1
177 1
200 1
198 1
360 1
192 1
194 1
208 1
188 1
149 1
305 1
144 1
131 1
184 1
159 1
103 1
142 1
92 1
116 1
107 1
89 1
85 1
80 1
77 1
99 1
83 1
62 1
145 1
94 1
101 1
253 1
86 1
97 1
38 1
43 1
52 1
150 1
79 1
15 1
127 1
71 1
41 1
10 1
46 1
44 1
30 1
27 1
17 1
48 1
